Vertex Count: 660

Data:

-6.14607 2.94146 -0.975306 0.066817 0.505921 0 0 -1
-5.03181 0.05434 -0.975306 0.10767 0.606186 0 0 -1
-6.14607 0.057543 -0.975306 0.06867 0.606836 0 0 -1
-5.03181 2.96705 -0.975306 0.105805 0.504202 0 0 -1
-5.03181 0.05434 -0.975306 0.10767 0.606186 0 0 -1
-6.14607 2.94146 -0.975306 0.066817 0.505921 0 0 -1
-6.14607 7.29991 1.87549 0.805259 0.074699 -0.064749 0.997902 -0
-5.03181 7.37221 -0.975306 0.831941 0.040614 -0.064749 0.997902 -0
-6.14607 7.29991 -0.975306 0.855106 0.051601 -0.064749 0.997902 -0
-5.03181 7.37221 1.9027 0.810844 0.061787 -0.064749 0.997902 -0
-5.03181 7.37221 -0.975306 0.831941 0.040614 -0.064749 0.997902 -0
-6.14607 7.29991 1.87549 0.805259 0.074699 -0.064749 0.997902 -0
-6.14607 0.057543 1.84332 0.793655 0.40421 -0.001433 -0.999999 0.00057
-5.03181 0.05434 -0.975306 0.915459 0.483744 -0.000811 -0.999999 0.000651
-5.0137 0.057543 1.87133 0.800117 0.456535 -0.000936 -0.999999 0.000762
-6.14607 0.057543 -0.975306 0.945811 0.433968 -0.001433 -0.999999 0.00057
-5.03181 0.05434 -0.975306 0.915459 0.483744 -0.000811 -0.999999 0.000651
-6.14607 0.057543 1.84332 0.793655 0.40421 -0.001433 -0.999999 0.00057
-6.14607 2.94146 1.83932 0.794877 0.219943 -1 0 -0
-6.14607 0.057543 -0.975306 0.945811 0.433968 -1 0 -0
-6.14607 0.057543 1.84332 0.793655 0.40421 -1 0 -0
-6.14607 2.94146 -0.975306 0.945811 0.191159 -1 0 -0
-6.14607 0.057543 -0.975306 0.945811 0.433968 -1 0 -0
-6.14607 2.94146 1.83932 0.794877 0.219943 -1 0 -0
2.30755 7.04589 1.87133 0.814995 0.148259 -0.285937 0.958248 -0
2.76337 7.38812 -0.975306 0.737615 0.154406 0.205097 0.978315 -0.028882
2.30755 7.04589 -0.975306 0.742678 0.137778 -0.282256 0.959339 -0
2.76337 7.38812 1.90067 0.816887 0.163754 0.233422 0.971925 -0.029606
2.76337 7.38812 -0.975306 0.737615 0.154406 0.205097 0.978315 -0.028882
2.30755 7.04589 1.87133 0.814995 0.148259 -0.285937 0.958248 -0
2.76337 0.05434 -0.975306 0.782163 0.583076 0 -1 0.000757
2.3206 0.057543 1.87133 0.805892 0.569638 0 -0.999999 0.001125
2.30755 0.05434 -0.975306 0.789476 0.587629 0 -1 0.00076
2.75469 0.057543 1.87133 0.807541 0.566203 0 -0.999999 0.001125
2.3206 0.057543 1.87133 0.805892 0.569638 0 -0.999999 0.001125
2.76337 0.05434 -0.975306 0.782163 0.583076 0 -1 0.000757
6.39387 6.05534 1.87347 0.81811 0.289479 0.218047 0.975938 -0.000498
4.97808 6.37047 -0.441678 0.740953 0.234971 0.346097 0.937948 -0.021678
4.98037 6.37275 1.95908 0.819821 0.239717 0.347026 0.937601 -0.021835
6.3924 6.05586 -0.790669 0.72465 0.28855 0.218047 0.975938 -0.000498
4.97808 6.37047 -0.441678 0.740953 0.234971 0.346097 0.937948 -0.021678
6.39387 6.05534 1.87347 0.81811 0.289479 0.218047 0.975938 -0.000498
3.62493 0.05434 -0.975306 0.769891 0.570913 0.000481 -1 0.00068
2.75469 0.057543 1.87133 0.807541 0.566203 0 -0.999999 0.001125
2.76337 0.05434 -0.975306 0.782163 0.583076 0 -1 0.000757
3.68649 0.057543 1.87133 0.810259 0.554741 0.00069 -0.999999 0.000803
2.75469 0.057543 1.87133 0.807541 0.566203 0 -0.999999 0.001125
3.62493 0.05434 -0.975306 0.769891 0.570913 0.000481 -1 0.00068
-4.4468 7.41017 1.8975 0.814477 0.059357 0.341143 0.940011 -0
-4.07386 7.04589 -0.975306 0.809765 0.041052 0.090554 0.995892 -0
-4.4468 7.41017 -0.975306 0.819955 0.039451 0.324862 0.945762 -0
-4.07386 7.04589 1.96903 0.817672 0.060315 0.084809 0.996397 -0
-4.07386 7.04589 -0.975306 0.809765 0.041052 0.090554 0.995892 -0
-4.4468 7.41017 1.8975 0.814477 0.059357 0.341143 0.940011 -0
-4.07386 0.05434 -0.975306 0.889514 0.514364 0 -1 0.00076
-4.43954 0.057543 1.87133 0.804753 0.477319 0 -0.999999 0.001125
-4.4468 0.05434 -0.975306 0.899513 0.503798 0 -1 0.000756
-4.08226 0.057543 1.87133 0.80772 0.488209 0 -0.999999 0.001125
-4.43954 0.057543 1.87133 0.804753 0.477319 0 -0.999999 0.001125
-4.07386 0.05434 -0.975306 0.889514 0.514364 0 -1 0.00076
-4.07386 7.04589 -0.975306 0.809765 0.041052 0.090554 0.995892 -0
-0.420305 7.04589 1.8654 0.810156 0.092688 0 1 -0
-0.420305 7.04589 -0.975306 0.772504 0.077177 0 1 -0
-4.07386 7.04589 1.96903 0.817672 0.060315 0.084809 0.996397 -0
-0.420305 7.04589 1.8654 0.810156 0.092688 0 1 -0
-4.07386 7.04589 -0.975306 0.809765 0.041052 0.090554 0.995892 -0
-0.420305 0.05434 -0.975306 0.836772 0.584517 0 -1 0.000761
-4.08226 0.057543 1.87133 0.80772 0.488209 0 -0.999999 0.001125
-4.07386 0.05434 -0.975306 0.889514 0.514364 0 -1 0.00076
-0.39957 0.057543 1.87133 0.797723 0.561879 0 -0.999999 0.001125
-4.08226 0.057543 1.87133 0.80772 0.488209 0 -0.999999 0.001125
-0.420305 0.05434 -0.975306 0.836772 0.584517 0 -1 0.000761
-6.14607 4.94409 1.82727 0.802613 0.13321 -1 0 -0
-6.14607 2.94146 -0.975306 0.945811 0.191159 -1 0 -0
-6.14607 2.94146 1.83932 0.794877 0.219943 -1 0 -0
-6.14607 4.94409 -0.975306 0.899704 0.107445 -1 0 -0
-6.14607 2.94146 -0.975306 0.945811 0.191159 -1 0 -0
-6.14607 4.94409 1.82727 0.802613 0.13321 -1 0 -0
6.35358 4.82482 -0.869464 0.532802 0.407274 -0.198977 0.06779 -0.977657
4.94964 2.91893 -0.698894 0.483756 0.483016 0.006882 0.016221 -0.999845
4.92911 4.83591 -0.587557 0.477811 0.409981 0.05281 0.055611 -0.997055
6.35196 2.91755 -0.975306 0.538019 0.479241 -0.214126 0.01309 -0.976718
4.94964 2.91893 -0.698894 0.483756 0.483016 0.006882 0.016221 -0.999845
6.35358 4.82482 -0.869464 0.532802 0.407274 -0.198977 0.06779 -0.977657
2.42835 4.75389 -0.975306 0.382088 0.420216 0 0 -1
2.91322 2.97338 -0.975306 0.40521 0.486086 0.131297 0.045879 -0.990281
2.53103 2.80231 -0.975306 0.391173 0.493577 0 0 -1
2.84437 5.0036 -0.975306 0.397103 0.409657 0.157468 0.037852 -0.986798
2.91322 2.97338 -0.975306 0.40521 0.486086 0.131297 0.045879 -0.990281
2.42835 4.75389 -0.975306 0.382088 0.420216 0 0 -1
-0.351149 4.76193 -0.975306 0.277463 0.427238 0 0 -1
-4.07386 2.8371 -0.975306 0.142257 0.507738 0 0 -1
-4.07386 4.77269 -0.975306 0.138366 0.435661 0 0 -1
-0.292357 2.81718 -0.975306 0.284275 0.50007 0 0 -1
-4.07386 2.8371 -0.975306 0.142257 0.507738 0 0 -1
-0.351149 4.76193 -0.975306 0.277463 0.427238 0 0 -1
-4.07386 4.77269 -0.975306 0.138366 0.435661 0 0 -1
-4.4468 2.98216 -0.975306 0.127819 0.502898 0 0 -1
-4.4468 5.01848 -0.975306 0.124075 0.427408 0 0 -1
-4.07386 2.8371 -0.975306 0.142257 0.507738 0 0 -1
-4.4468 2.98216 -0.975306 0.127819 0.502898 0 0 -1
-4.07386 4.77269 -0.975306 0.138366 0.435661 0 0 -1
-6.14607 4.94409 -0.975306 0.062098 0.434027 0 0 -1
-5.03181 2.96705 -0.975306 0.105805 0.504202 0 0 -1
-6.14607 2.94146 -0.975306 0.066817 0.505921 0 0 -1
-5.03181 4.99287 -0.975306 0.102614 0.429678 0 0 -1
-5.03181 2.96705 -0.975306 0.105805 0.504202 0 0 -1
-6.14607 4.94409 -0.975306 0.062098 0.434027 0 0 -1
-5.03181 7.37221 -0.975306 0.831941 0.040614 -0.064749 0.997902 -0
-4.4468 7.41017 1.8975 0.814477 0.059357 0.341143 0.940011 -0
-4.4468 7.41017 -0.975306 0.819955 0.039451 0.324862 0.945762 -0
-5.03181 7.37221 1.9027 0.810844 0.061787 -0.064749 0.997902 -0
-4.4468 7.41017 1.8975 0.814477 0.059357 0.341143 0.940011 -0
-5.03181 7.37221 -0.975306 0.831941 0.040614 -0.064749 0.997902 -0
-4.4468 0.05434 -0.975306 0.899513 0.503798 0 -1 0.000756
-5.0137 0.057543 1.87133 0.800117 0.456535 -0.000936 -0.999999 0.000762
-5.03181 0.05434 -0.975306 0.915459 0.483744 -0.000811 -0.999999 0.000651
-4.43954 0.057543 1.87133 0.804753 0.477319 0 -0.999999 0.001125
-5.0137 0.057543 1.87133 0.800117 0.456535 -0.000936 -0.999999 0.000762
-4.4468 0.05434 -0.975306 0.899513 0.503798 0 -1 0.000756
-5.03181 4.99287 -0.975306 0.102614 0.429678 0 0 -1
-4.4468 2.98216 -0.975306 0.127819 0.502898 0 0 -1
-5.03181 2.96705 -0.975306 0.105805 0.504202 0 0 -1
-4.4468 5.01848 -0.975306 0.124075 0.427408 0 0 -1
-4.4468 2.98216 -0.975306 0.127819 0.502898 0 0 -1
-5.03181 4.99287 -0.975306 0.102614 0.429678 0 0 -1
4.87538 0.057543 -0.587557 0.759951 0.542836 0.000562 -1 0.000271
6.31039 0.057543 1.87133 0.819117 0.494439 0 -1 -0
4.91545 0.057543 1.95607 0.816764 0.531374 0.000543 -1 0.000262
6.31318 0.057543 -0.975306 0.735194 0.502473 0 -1 -0
6.31039 0.057543 1.87133 0.819117 0.494439 0 -1 -0
4.87538 0.057543 -0.587557 0.759951 0.542836 0.000562 -1 0.000271
4.94964 2.91893 -0.698894 0.483756 0.483016 0.006882 0.016221 -0.999845
6.31318 0.057543 -0.975306 0.54515 0.587471 -0.227689 -0.014448 -0.973627
4.87538 0.057543 -0.587557 0.488825 0.59197 0.00416 -0.019599 -0.999799
6.35196 2.91755 -0.975306 0.538019 0.479241 -0.214126 0.01309 -0.976718
6.31318 0.057543 -0.975306 0.54515 0.587471 -0.227689 -0.014448 -0.973627
4.94964 2.91893 -0.698894 0.483756 0.483016 0.006882 0.016221 -0.999845
2.76337 0.05434 -2.34631 0.469333 0.731637 0 0 -1
2.53103 2.80231 -2.34631 0.446843 0.720759 0 0 -1
2.91322 2.97338 -2.34631 0.447646 0.717322 0 0 -1
2.30755 0.05434 -2.34631 0.467283 0.735779 0 0 -1
2.53103 2.80231 -2.34631 0.446843 0.720759 0 0 -1
2.76337 0.05434 -2.34631 0.469333 0.731637 0 0 -1
2.76337 0.05434 -2.34631 0.251337 0.740032 0 -1 -0
3.62493 0.05434 -0.975306 0.247325 0.722468 0.000481 -1 0.00068
2.76337 0.05434 -0.975306 0.258237 0.728703 0 -1 0.000757
3.69961 0.05434 -2.34631 0.242427 0.73931 0 -1 -0
3.62493 0.05434 -0.975306 0.247325 0.722468 0.000481 -1 0.00068
2.76337 0.05434 -2.34631 0.251337 0.740032 0 -1 -0
3.69961 0.05434 -2.34631 0.242427 0.73931 0.999918 0.012543 -0.002464
3.66704 2.92031 -0.975306 0.206056 0.71328 0.999918 0.012543 -0.002464
3.62493 0.05434 -0.975306 0.247325 0.722468 0.999918 0.012543 -0.002464
3.5856 2.92031 -2.34631 0.203431 0.732772 0.999918 0.012543 -0.002464
3.66704 2.92031 -0.975306 0.206056 0.71328 0.999918 0.012543 -0.002464
3.69961 0.05434 -2.34631 0.242427 0.73931 0.999918 0.012543 -0.002464
3.5856 2.92031 -2.34631 0.203431 0.732772 0.074216 0.99724 -0.002204
2.91322 2.97338 -0.975306 0.193202 0.712984 -0.107111 0.994246 -0.001431
3.66704 2.92031 -0.975306 0.206056 0.71328 0.074216 0.99724 -0.002204
2.91322 2.97338 -2.34631 0.194422 0.732943 -0.107111 0.994246 -0.001431
2.91322 2.97338 -0.975306 0.193202 0.712984 -0.107111 0.994246 -0.001431
3.5856 2.92031 -2.34631 0.203431 0.732772 0.074216 0.99724 -0.002204
2.91322 2.97338 -2.34631 0.194422 0.732943 -0.107111 0.994246 -0.001431
2.53103 2.80231 -0.975306 0.18592 0.713763 -0.148058 0.988979 -0
2.91322 2.97338 -0.975306 0.193202 0.712984 -0.107111 0.994246 -0.001431
2.53103 2.80231 -2.34631 0.188924 0.73347 -0.148058 0.988979 -0
2.53103 2.80231 -0.975306 0.18592 0.713763 -0.148058 0.988979 -0
2.91322 2.97338 -2.34631 0.194422 0.732943 -0.107111 0.994246 -0.001431
-0.292357 2.81718 -2.34631 0.15541 0.743761 0.005267 0.999986 -0
-4.07386 2.8371 -0.975306 0.116707 0.766678 0.039679 0.999213 -0
-0.292357 2.81718 -0.975306 0.144972 0.732033 0.005267 0.999986 -0
-4.07386 2.8371 -2.34631 0.12864 0.771881 0.039679 0.999213 -0
-4.07386 2.8371 -0.975306 0.116707 0.766678 0.039679 0.999213 -0
-0.292357 2.81718 -2.34631 0.15541 0.743761 0.005267 0.999986 -0
-4.07386 2.8371 -2.34631 0.12864 0.771881 0.039679 0.999213 -0
-4.4468 2.98216 -0.975306 0.115448 0.774286 0.134415 0.990925 -0
-4.07386 2.8371 -0.975306 0.116707 0.766678 0.039679 0.999213 -0
-4.4468 2.98216 -2.34631 0.128321 0.771636 0.134415 0.990925 -0
-4.4468 2.98216 -0.975306 0.115448 0.774286 0.134415 0.990925 -0
-4.07386 2.8371 -2.34631 0.12864 0.771881 0.039679 0.999213 -0
-4.4468 2.98216 -2.34631 0.128321 0.771636 0.134415 0.990925 -0
-5.03181 2.96705 -0.975306 0.117856 0.785819 -0.025829 0.999666 -0
-4.4468 2.98216 -0.975306 0.115448 0.774286 0.134415 0.990925 -0
-5.03181 2.96705 -2.34631 0.131862 0.771791 -0.025829 0.999666 -0
-5.03181 2.96705 -0.975306 0.117856 0.785819 -0.025829 0.999666 -0
-4.4468 2.98216 -2.34631 0.128321 0.771636 0.134415 0.990925 -0
-5.03181 2.96705 -2.34631 0.131862 0.771791 -1 0 -0
-5.03181 0.05434 -0.975306 0.160089 0.824264 -1 0 -0
-5.03181 2.96705 -0.975306 0.117856 0.785819 -1 0 -0
-5.03181 0.05434 -2.34631 0.174778 0.795477 -1 0 -0
-5.03181 0.05434 -0.975306 0.160089 0.824264 -1 0 -0
-5.03181 2.96705 -2.34631 0.131862 0.771791 -1 0 -0
-5.03181 0.05434 -2.34631 0.174778 0.795477 0 -1 -0
-4.4468 0.05434 -0.975306 0.206741 0.824264 0 -1 0.000756
-5.03181 0.05434 -0.975306 0.160089 0.824264 -0.000811 -0.999999 0.000651
-4.4468 0.05434 -2.34631 0.190052 0.793733 0 -1 -0
-4.4468 0.05434 -0.975306 0.206741 0.824264 0 -1 0.000756
-5.03181 0.05434 -2.34631 0.174778 0.795477 0 -1 -0
-4.4468 0.05434 -2.34631 0.190052 0.793733 0 -1 -0
-4.07386 0.05434 -0.975306 0.213611 0.81592 0 -1 0.00076
-4.4468 0.05434 -0.975306 0.206741 0.824264 0 -1 0.000756
-4.07386 0.05434 -2.34631 0.197304 0.792946 0 -1 -0
-4.07386 0.05434 -0.975306 0.213611 0.81592 0 -1 0.00076
-4.4468 0.05434 -2.34631 0.190052 0.793733 0 -1 -0
-4.07386 0.05434 -2.34631 0.197304 0.792946 0 -1 -0
-0.420305 0.05434 -0.975306 0.26114 0.76897 0 -1 0.000761
-4.07386 0.05434 -0.975306 0.213611 0.81592 0 -1 0.00076
-0.420305 0.05434 -2.34631 0.245849 0.754332 0 -1 -0
-0.420305 0.05434 -0.975306 0.26114 0.76897 0 -1 0.000761
-4.07386 0.05434 -2.34631 0.197304 0.792946 0 -1 -0
2.30755 0.05434 -2.34631 0.253769 0.740526 0 -1 -0
2.76337 0.05434 -0.975306 0.258237 0.728703 0 -1 0.000757
2.30755 0.05434 -0.975306 0.262514 0.733448 0 -1 0.00076
2.76337 0.05434 -2.34631 0.251337 0.740032 0 -1 -0
2.76337 0.05434 -0.975306 0.258237 0.728703 0 -1 0.000757
2.30755 0.05434 -2.34631 0.253769 0.740526 0 -1 -0
-4.4468 0.05434 -2.34631 0.426252 0.796335 0 0 -1
-4.07386 2.8371 -2.34631 0.404297 0.774981 0 0 -1
-4.07386 0.05434 -2.34631 0.428704 0.793046 0 0 -1
-4.4468 2.98216 -2.34631 0.400571 0.777305 0 0 -1
-4.07386 2.8371 -2.34631 0.404297 0.774981 0 0 -1
-4.4468 0.05434 -2.34631 0.426252 0.796335 0 0 -1
-4.4468 0.05434 -2.34631 0.426252 0.796335 0 0 -1
-5.03181 2.96705 -2.34631 0.396883 0.782521 0 0 -1
-4.4468 2.98216 -2.34631 0.400571 0.777305 0 0 -1
-5.03181 0.05434 -2.34631 0.422431 0.801456 0 0 -1
-5.03181 2.96705 -2.34631 0.396883 0.782521 0 0 -1
-4.4468 0.05434 -2.34631 0.426252 0.796335 0 0 -1
-0.420305 0.05434 -2.34631 0.45232 0.760547 0 0 -1
-4.07386 2.8371 -2.34631 0.404297 0.774981 0 0 -1
-0.292357 2.81718 -2.34631 0.42929 0.742206 0 0 -1
-4.07386 0.05434 -2.34631 0.428704 0.793046 0 0 -1
-4.07386 2.8371 -2.34631 0.404297 0.774981 0 0 -1
-0.420305 0.05434 -2.34631 0.45232 0.760547 0 0 -1
3.5856 2.92031 -2.34631 0.451554 0.713101 0 0 -1
2.76337 0.05434 -2.34631 0.469333 0.731637 0 0 -1
2.91322 2.97338 -2.34631 0.447646 0.717322 0 0 -1
3.69961 0.05434 -2.34631 0.470714 0.72702 0 0 -1
2.76337 0.05434 -2.34631 0.469333 0.731637 0 0 -1
3.5856 2.92031 -2.34631 0.451554 0.713101 0 0 -1
0.040593 0.05434 -0.975306 0.827184 0.588668 0 -1 0.000757
-0.39957 0.057543 1.87133 0.797723 0.561879 0 -0.999999 0.001125
-0.420305 0.05434 -0.975306 0.836772 0.584517 0 -1 0.000761
0.062037 0.057543 1.87133 0.800048 0.566926 0 -0.999999 0.001125
-0.39957 0.057543 1.87133 0.797723 0.561879 0 -0.999999 0.001125
0.040593 0.05434 -0.975306 0.827184 0.588668 0 -1 0.000757
0.040593 0.05434 -2.34631 0.250161 0.752479 0 -1 -0
-0.420305 0.05434 -0.975306 0.26114 0.76897 0 -1 0.000761
-0.420305 0.05434 -2.34631 0.245849 0.754332 0 -1 -0
0.040593 0.05434 -0.975306 0.264037 0.760856 0 -1 0.000757
-0.420305 0.05434 -0.975306 0.26114 0.76897 0 -1 0.000761
0.040593 0.05434 -2.34631 0.250161 0.752479 0 -1 -0
0.040593 0.05434 -2.34631 0.455095 0.756281 0 0 -1
-0.292357 2.81718 -2.34631 0.42929 0.742206 0 0 -1
0.18468 2.81467 -2.34631 0.432494 0.738385 0 0 -1
-0.420305 0.05434 -2.34631 0.45232 0.760547 0 0 -1
-0.292357 2.81718 -2.34631 0.42929 0.742206 0 0 -1
0.040593 0.05434 -2.34631 0.455095 0.756281 0 0 -1
0.18468 2.81467 -2.34631 0.159667 0.742072 0.005267 0.999986 -0
-0.292357 2.81718 -0.975306 0.144972 0.732033 0.005267 0.999986 -0
0.18468 2.81467 -0.975306 0.151012 0.726973 0.005267 0.999986 -0
-0.292357 2.81718 -2.34631 0.15541 0.743761 0.005267 0.999986 -0
-0.292357 2.81718 -0.975306 0.144972 0.732033 0.005267 0.999986 -0
0.18468 2.81467 -2.34631 0.159667 0.742072 0.005267 0.999986 -0
0.118473 4.76057 -0.975306 0.295098 0.42611 0 0 -1
-0.292357 2.81718 -0.975306 0.284275 0.50007 0 0 -1
-0.351149 4.76193 -0.975306 0.277463 0.427238 0 0 -1
0.18468 2.81467 -0.975306 0.302329 0.499063 0 0 -1
-0.292357 2.81718 -0.975306 0.284275 0.50007 0 0 -1
0.118473 4.76057 -0.975306 0.295098 0.42611 0 0 -1
-0.420305 7.04589 1.8654 0.810156 0.092688 0 1 -0
0.040593 7.04589 -0.975306 0.766108 0.085166 0 1 -0
-0.420305 7.04589 -0.975306 0.772504 0.077177 0 1 -0
0.040593 7.04589 1.88041 0.811899 0.099767 0 1 -0
0.040593 7.04589 -0.975306 0.766108 0.085166 0 1 -0
-0.420305 7.04589 1.8654 0.810156 0.092688 0 1 -0
2.30755 0.05434 -0.975306 0.789476 0.587629 0 -1 0.00076
1.58808 0.057543 1.87133 0.803259 0.572429 0 -0.999999 0.001125
1.59778 0.05434 -0.975306 0.801322 0.591764 0 -1 0.000759
2.3206 0.057543 1.87133 0.805892 0.569638 0 -0.999999 0.001125
1.58808 0.057543 1.87133 0.803259 0.572429 0 -0.999999 0.001125
2.30755 0.05434 -0.975306 0.789476 0.587629 0 -1 0.00076
2.30755 0.05434 -2.34631 0.253769 0.740526 0 -1 -0
1.59778 0.05434 -0.975306 0.266165 0.741859 0 -1 0.000759
1.59778 0.05434 -2.34631 0.254964 0.742552 0 -1 -0
2.30755 0.05434 -0.975306 0.262514 0.733448 0 -1 0.00076
1.59778 0.05434 -0.975306 0.266165 0.741859 0 -1 0.000759
2.30755 0.05434 -2.34631 0.253769 0.740526 0 -1 -0
2.30755 0.05434 -2.34631 0.467283 0.735779 0 0 -1
1.79641 2.80619 -2.34631 0.442558 0.726056 0 0 -1
2.53103 2.80231 -2.34631 0.446843 0.720759 0 0 -1
1.59778 0.05434 -2.34631 0.46378 0.74221 0 0 -1
1.79641 2.80619 -2.34631 0.442558 0.726056 0 0 -1
2.30755 0.05434 -2.34631 0.467283 0.735779 0 0 -1
2.53103 2.80231 -2.34631 0.188924 0.73347 -0.148058 0.988979 -0
1.79641 2.80619 -0.975306 0.173761 0.716727 0.005267 0.999986 -0
2.53103 2.80231 -0.975306 0.18592 0.713763 -0.148058 0.988979 -0
1.79641 2.80619 -2.34631 0.179394 0.735264 0.005267 0.999986 -0
1.79641 2.80619 -0.975306 0.173761 0.716727 0.005267 0.999986 -0
2.53103 2.80231 -2.34631 0.188924 0.73347 -0.148058 0.988979 -0
2.42835 4.75389 -0.975306 0.382088 0.420216 0 0 -1
1.79641 2.80619 -0.975306 0.363322 0.495369 0 0 -1
1.70514 4.75598 -0.975306 0.354808 0.422109 0 0 -1
2.53103 2.80231 -0.975306 0.391173 0.493577 0 0 -1
1.79641 2.80619 -0.975306 0.363322 0.495369 0 0 -1
2.42835 4.75389 -0.975306 0.382088 0.420216 0 0 -1
2.30755 7.04589 1.87133 0.814995 0.148259 -0.285937 0.958248 -0
1.59778 7.04589 -0.975306 0.749732 0.118921 0 1 -0
1.59778 7.04589 1.88133 0.813779 0.130936 0 1 -0
2.30755 7.04589 -0.975306 0.742678 0.137778 -0.282256 0.959339 -0
1.59778 7.04589 -0.975306 0.749732 0.118921 0 1 -0
2.30755 7.04589 1.87133 0.814995 0.148259 -0.285937 0.958248 -0
1.59778 0.05434 -0.975306 0.801322 0.591764 0 -1 0.000759
0.062037 0.057543 1.87133 0.800048 0.566926 0 -0.999999 0.001125
0.040593 0.05434 -0.975306 0.827184 0.588668 0 -1 0.000757
1.58808 0.057543 1.87133 0.803259 0.572429 0 -0.999999 0.001125
0.062037 0.057543 1.87133 0.800048 0.566926 0 -0.999999 0.001125
1.59778 0.05434 -0.975306 0.801322 0.591764 0 -1 0.000759
1.59778 0.05434 -2.34631 0.254964 0.742552 0 -1 -0
0.040593 0.05434 -0.975306 0.264037 0.760856 0 -1 0.000757
0.040593 0.05434 -2.34631 0.250161 0.752479 0 -1 -0
1.59778 0.05434 -0.975306 0.266165 0.741859 0 -1 0.000759
0.040593 0.05434 -0.975306 0.264037 0.760856 0 -1 0.000757
1.59778 0.05434 -2.34631 0.254964 0.742552 0 -1 -0
1.59778 0.05434 -2.34631 0.46378 0.74221 0 0 -1
0.18468 2.81467 -2.34631 0.432494 0.738385 0 0 -1
1.79641 2.80619 -2.34631 0.442558 0.726056 0 0 -1
0.040593 0.05434 -2.34631 0.455095 0.756281 0 0 -1
0.18468 2.81467 -2.34631 0.432494 0.738385 0 0 -1
1.59778 0.05434 -2.34631 0.46378 0.74221 0 0 -1
1.79641 2.80619 -2.34631 0.179394 0.735264 0.005267 0.999986 -0
0.18468 2.81467 -0.975306 0.151012 0.726973 0.005267 0.999986 -0
1.79641 2.80619 -0.975306 0.173761 0.716727 0.005267 0.999986 -0
0.18468 2.81467 -2.34631 0.159667 0.742072 0.005267 0.999986 -0
0.18468 2.81467 -0.975306 0.151012 0.726973 0.005267 0.999986 -0
1.79641 2.80619 -2.34631 0.179394 0.735264 0.005267 0.999986 -0
1.70514 4.75598 -0.975306 0.354808 0.422109 0 0 -1
0.18468 2.81467 -0.975306 0.302329 0.499063 0 0 -1
0.118473 4.76057 -0.975306 0.295098 0.42611 0 0 -1
1.79641 2.80619 -0.975306 0.363322 0.495369 0 0 -1
0.18468 2.81467 -0.975306 0.302329 0.499063 0 0 -1
1.70514 4.75598 -0.975306 0.354808 0.422109 0 0 -1
1.59778 7.04589 1.88133 0.813779 0.130936 0 1 -0
0.040593 7.04589 -0.975306 0.766108 0.085166 0 1 -0
0.040593 7.04589 1.88041 0.811899 0.099767 0 1 -0
1.59778 7.04589 -0.975306 0.749732 0.118921 0 1 -0
0.040593 7.04589 -0.975306 0.766108 0.085166 0 1 -0
1.59778 7.04589 1.88133 0.813779 0.130936 0 1 -0
6.3924 6.05586 -0.790669 0.531246 0.360815 -0.206766 0.085741 -0.974626
4.92911 4.83591 -0.587557 0.477811 0.409981 0.05281 0.055611 -0.997055
4.97808 6.37047 -0.441678 0.47587 0.351611 0.115419 0.050815 -0.992016
6.35358 4.82482 -0.869464 0.532802 0.407274 -0.198977 0.06779 -0.977657
4.92911 4.83591 -0.587557 0.477811 0.409981 0.05281 0.055611 -0.997055
6.3924 6.05586 -0.790669 0.531246 0.360815 -0.206766 0.085741 -0.974626
2.30755 7.04589 -0.975306 0.371079 0.334404 0 0 -1
2.84437 5.0036 -0.975306 0.397103 0.409657 0.157468 0.037852 -0.986798
2.42835 4.75389 -0.975306 0.382088 0.420216 0 0 -1
2.76337 7.38812 -0.975306 0.387192 0.320193 0.182116 0.031607 -0.982769
2.84437 5.0036 -0.975306 0.397103 0.409657 0.157468 0.037852 -0.986798
2.30755 7.04589 -0.975306 0.371079 0.334404 0 0 -1
2.30755 7.04589 -0.975306 0.371079 0.334404 0 0 -1
1.70514 4.75598 -0.975306 0.354808 0.422109 0 0 -1
1.59778 7.04589 -0.975306 0.344476 0.336453 0 0 -1
2.42835 4.75389 -0.975306 0.382088 0.420216 0 0 -1
1.70514 4.75598 -0.975306 0.354808 0.422109 0 0 -1
2.30755 7.04589 -0.975306 0.371079 0.334404 0 0 -1
1.59778 7.04589 -0.975306 0.344476 0.336453 0 0 -1
0.118473 4.76057 -0.975306 0.295098 0.42611 0 0 -1
0.040593 7.04589 -0.975306 0.286219 0.340795 0 0 -1
1.70514 4.75598 -0.975306 0.354808 0.422109 0 0 -1
0.118473 4.76057 -0.975306 0.295098 0.42611 0 0 -1
1.59778 7.04589 -0.975306 0.344476 0.336453 0 0 -1
0.040593 7.04589 -0.975306 0.286219 0.340795 0 0 -1
-0.351149 4.76193 -0.975306 0.277463 0.427238 0 0 -1
-0.420305 7.04589 -0.975306 0.269046 0.342061 0 0 -1
0.118473 4.76057 -0.975306 0.295098 0.42611 0 0 -1
-0.351149 4.76193 -0.975306 0.277463 0.427238 0 0 -1
0.040593 7.04589 -0.975306 0.286219 0.340795 0 0 -1
-0.420305 7.04589 -0.975306 0.269046 0.342061 0 0 -1
-4.07386 4.77269 -0.975306 0.138366 0.435661 0 0 -1
-4.07386 7.04589 -0.975306 0.132917 0.351311 0 0 -1
-0.351149 4.76193 -0.975306 0.277463 0.427238 0 0 -1
-4.07386 4.77269 -0.975306 0.138366 0.435661 0 0 -1
-0.420305 7.04589 -0.975306 0.269046 0.342061 0 0 -1
-4.07386 7.04589 -0.975306 0.132917 0.351311 0 0 -1
-4.4468 5.01848 -0.975306 0.124075 0.427408 0 0 -1
-4.4468 7.41017 -0.975306 0.118228 0.338848 0 0 -1
-4.07386 4.77269 -0.975306 0.138366 0.435661 0 0 -1
-4.4468 5.01848 -0.975306 0.124075 0.427408 0 0 -1
-4.07386 7.04589 -0.975306 0.132917 0.351311 0 0 -1
-5.03181 7.37221 -0.975306 0.096728 0.341826 0 0 -1
-4.4468 5.01848 -0.975306 0.124075 0.427408 0 0 -1
-5.03181 4.99287 -0.975306 0.102614 0.429678 0 0 -1
-4.4468 7.41017 -0.975306 0.118228 0.338848 0 0 -1
-4.4468 5.01848 -0.975306 0.124075 0.427408 0 0 -1
-5.03181 7.37221 -0.975306 0.096728 0.341826 0 0 -1
-6.14607 7.29991 -0.975306 0.055942 0.34741 0 0 -1
-5.03181 4.99287 -0.975306 0.102614 0.429678 0 0 -1
-6.14607 4.94409 -0.975306 0.062098 0.434027 0 0 -1
-5.03181 7.37221 -0.975306 0.096728 0.341826 0 0 -1
-5.03181 4.99287 -0.975306 0.102614 0.429678 0 0 -1
-6.14607 7.29991 -0.975306 0.055942 0.34741 0 0 -1
-6.14607 4.94409 1.82727 0.802613 0.13321 -1 0 -0
-6.14607 7.29991 -0.975306 0.855106 0.051601 -1 0 -0
-6.14607 4.94409 -0.975306 0.899704 0.107445 -1 0 -0
-6.14607 7.29991 1.87549 0.805259 0.074699 -1 0 -0
-6.14607 7.29991 -0.975306 0.855106 0.051601 -1 0 -0
-6.14607 4.94409 1.82727 0.802613 0.13321 -1 0 -0
4.97808 6.37047 -0.441678 0.47587 0.351611 0.115419 0.050815 -0.992016
2.84437 5.0036 -0.975306 0.397103 0.409657 0.157468 0.037852 -0.986798
2.76337 7.38812 -0.975306 0.387192 0.320193 0.182116 0.031607 -0.982769
4.92911 4.83591 -0.587557 0.477811 0.409981 0.05281 0.055611 -0.997055
2.84437 5.0036 -0.975306 0.397103 0.409657 0.157468 0.037852 -0.986798
4.97808 6.37047 -0.441678 0.47587 0.351611 0.115419 0.050815 -0.992016
4.92911 4.83591 -0.587557 0.477811 0.409981 0.05281 0.055611 -0.997055
2.91322 2.97338 -0.975306 0.40521 0.486086 0.131297 0.045879 -0.990281
2.84437 5.0036 -0.975306 0.397103 0.409657 0.157468 0.037852 -0.986798
4.92911 4.83591 -0.587557 0.477811 0.409981 0.05281 0.055611 -0.997055
3.66704 2.92031 -0.975306 0.433893 0.486562 0.191721 0.029925 -0.980993
2.91322 2.97338 -0.975306 0.40521 0.486086 0.131297 0.045879 -0.990281
3.66704 2.92031 -0.975306 0.433893 0.486562 0.191721 0.029925 -0.980993
4.92911 4.83591 -0.587557 0.477811 0.409981 0.05281 0.055611 -0.997055
4.94964 2.91893 -0.698894 0.483756 0.483016 0.006882 0.016221 -0.999845
3.66704 2.92031 -0.975306 0.433893 0.486562 0.191721 0.029925 -0.980993
4.87538 0.057543 -0.587557 0.488825 0.59197 0.00416 -0.019599 -0.999799
3.62493 0.05434 -0.975306 0.439251 0.595169 0.253567 -0.023951 -0.967021
4.94964 2.91893 -0.698894 0.483756 0.483016 0.006882 0.016221 -0.999845
4.87538 0.057543 -0.587557 0.488825 0.59197 0.00416 -0.019599 -0.999799
3.66704 2.92031 -0.975306 0.433893 0.486562 0.191721 0.029925 -0.980993
4.87538 0.057543 -0.587557 0.759951 0.542836 0.000562 -1 0.000271
3.68649 0.057543 1.87133 0.810259 0.554741 0.00069 -0.999999 0.000803
3.62493 0.05434 -0.975306 0.769891 0.570913 0.000481 -1 0.00068
4.91545 0.057543 1.95607 0.816764 0.531374 0.000543 -1 0.000262
3.68649 0.057543 1.87133 0.810259 0.554741 0.00069 -0.999999 0.000803
4.87538 0.057543 -0.587557 0.759951 0.542836 0.000562 -1 0.000271
2.76337 7.38812 1.90067 0.816887 0.163754 0.233422 0.971925 -0.029606
4.97808 6.37047 -0.441678 0.740953 0.234971 0.346097 0.937948 -0.021678
2.76337 7.38812 -0.975306 0.737615 0.154406 0.205097 0.978315 -0.028882
3.42685 7.27576 1.88028 0.816705 0.183839 0.417515 0.908041 -0.03379
4.97808 6.37047 -0.441678 0.740953 0.234971 0.346097 0.937948 -0.021678
2.76337 7.38812 1.90067 0.816887 0.163754 0.233422 0.971925 -0.029606
4.98037 6.37275 1.95908 0.819821 0.239717 0.347026 0.937601 -0.021835
4.97808 6.37047 -0.441678 0.740953 0.234971 0.346097 0.937948 -0.021678
3.42685 7.27576 1.88028 0.816705 0.183839 0.417515 0.908041 -0.03379
6.3539 4.82463 1.87639 0.818676 0.333562 0.999918 -0.012817 -0.000194
6.3924 6.05586 -0.790669 0.72465 0.28855 0.999489 -0.031979 -0.000333
6.39387 6.05534 1.87347 0.81811 0.289479 0.999489 -0.031979 -0.000333
6.35358 4.82482 -0.869464 0.721812 0.335317 0.999925 -0.012263 -0.00019
6.3924 6.05586 -0.790669 0.72465 0.28855 0.999489 -0.031979 -0.000333
6.3539 4.82463 1.87639 0.818676 0.333562 0.999918 -0.012817 -0.000194
6.35224 2.91535 1.87205 0.818683 0.400995 0.999961 -0.008854 0.000221
6.35358 4.82482 -0.869464 0.721812 0.335317 0.999925 -0.012263 -0.00019
6.3539 4.82463 1.87639 0.818676 0.333562 0.999918 -0.012817 -0.000194
6.35196 2.91755 -0.975306 0.722605 0.405859 0.99996 -0.008966 0.000226
6.35358 4.82482 -0.869464 0.721812 0.335317 0.999925 -0.012263 -0.00019
6.35224 2.91535 1.87205 0.818683 0.400995 0.999961 -0.008854 0.000221
6.31318 0.057543 -0.975306 0.735194 0.502473 0.999901 -0.0141 0.000437
6.35224 2.91535 1.87205 0.818683 0.400995 0.999961 -0.008854 0.000221
6.31039 0.057543 1.87133 0.819117 0.494439 0.999901 -0.0141 0.000437
6.35196 2.91755 -0.975306 0.722605 0.405859 0.99996 -0.008966 0.000226
6.35224 2.91535 1.87205 0.818683 0.400995 0.999961 -0.008854 0.000221
6.31318 0.057543 -0.975306 0.735194 0.502473 0.999901 -0.0141 0.000437
2.30755 7.04589 1.87133 0.367043 0.274387 -0.019925 -0.001422 0.999801
1.59476 4.87168 1.87822 0.341223 0.193298 0.002835 -0.001159 0.999995
2.31163 4.86408 1.87133 0.367881 0.193246 -0.011722 -0.001259 0.999931
1.59778 7.04589 1.88133 0.340641 0.274156 0.003402 -0.001159 0.999994
1.59476 4.87168 1.87822 0.341223 0.193298 0.002835 -0.001159 0.999995
2.30755 7.04589 1.87133 0.367043 0.274387 -0.019925 -0.001422 0.999801
-6.14607 7.29991 1.87549 0.05233 0.280963 -0.040861 -0.012286 0.999089
-5.02578 4.93801 1.89226 0.094891 0.193573 -0.026911 -0.005465 0.999623
-5.03181 7.37221 1.9027 0.093742 0.28408 -0.023083 -0.009216 0.999691
-6.14607 4.94409 1.82727 0.053169 0.193359 -0.044403 -0.006332 0.998994
-5.02578 4.93801 1.89226 0.094891 0.193573 -0.026911 -0.005465 0.999623
-6.14607 7.29991 1.87549 0.05233 0.280963 -0.040861 -0.012286 0.999089
0.040593 7.04589 1.88041 0.282734 0.273634 -0.006688 -0.001124 0.999977
-0.41391 4.89064 1.86723 0.266524 0.193354 0.015129 -0.005835 0.999869
0.047218 4.88689 1.8776 0.28368 0.193365 -0.005582 -0.00112 0.999984
-0.420305 7.04589 1.8654 0.265589 0.273492 0.018197 -0.005777 0.999818
-0.41391 4.89064 1.86723 0.266524 0.193354 0.015129 -0.005835 0.999869
0.040593 7.04589 1.88041 0.282734 0.273634 -0.006688 -0.001124 0.999977
1.59778 7.04589 1.88133 0.340641 0.274156 0.003402 -0.001159 0.999994
0.047218 4.88689 1.8776 0.28368 0.193365 -0.005582 -0.00112 0.999984
1.59476 4.87168 1.87822 0.341223 0.193298 0.002835 -0.001159 0.999995
0.040593 7.04589 1.88041 0.282734 0.273634 -0.006688 -0.001124 0.999977
0.047218 4.88689 1.8776 0.28368 0.193365 -0.005582 -0.00112 0.999984
1.59778 7.04589 1.88133 0.340641 0.274156 0.003402 -0.001159 0.999994
2.76038 4.86113 1.89056 0.384584 0.193278 -0.004626 -0.002232 0.999987
2.30755 7.04589 1.87133 0.367043 0.274387 -0.019925 -0.001422 0.999801
2.31163 4.86408 1.87133 0.367881 0.193246 -0.011722 -0.001259 0.999931
2.76337 7.38812 1.90067 0.383927 0.287251 0.001682 -0.002223 0.999996
2.30755 7.04589 1.87133 0.367043 0.274387 -0.019925 -0.001422 0.999801
2.76038 4.86113 1.89056 0.384584 0.193278 -0.004626 -0.002232 0.999987
3.42685 7.27576 1.88028 0.40865 0.283269 -0.01429 -0.002086 0.999896
2.76038 4.86113 1.89056 0.384584 0.193278 -0.004626 -0.002232 0.999987
3.51401 4.85269 1.87727 0.412617 0.19319 -0.028536 -0.001973 0.999591
2.76337 7.38812 1.90067 0.383927 0.287251 0.001682 -0.002223 0.999996
2.76038 4.86113 1.89056 0.384584 0.193278 -0.004626 -0.002232 0.999987
3.42685 7.27576 1.88028 0.40865 0.283269 -0.01429 -0.002086 0.999896
6.39387 6.05534 1.87347 0.519462 0.238765 0.059628 -0.000411 0.998221
4.96466 4.84459 1.95835 0.466626 0.193339 -0.003945 -0.001498 0.999991
6.3539 4.82463 1.87639 0.518346 0.193034 0.059677 -0.00116 0.998217
4.98037 6.37275 1.95908 0.466751 0.250148 -0.019759 -0.001465 0.999804
4.96466 4.84459 1.95835 0.466626 0.193339 -0.003945 -0.001498 0.999991
6.39387 6.05534 1.87347 0.519462 0.238765 0.059628 -0.000411 0.998221
4.98037 6.37275 1.95908 0.466751 0.250148 -0.019759 -0.001465 0.999804
3.51401 4.85269 1.87727 0.412617 0.19319 -0.028536 -0.001973 0.999591
4.96466 4.84459 1.95835 0.466626 0.193339 -0.003945 -0.001498 0.999991
3.42685 7.27576 1.88028 0.40865 0.283269 -0.01429 -0.002086 0.999896
3.51401 4.85269 1.87727 0.412617 0.19319 -0.028536 -0.001973 0.999591
4.98037 6.37275 1.95908 0.466751 0.250148 -0.019759 -0.001465 0.999804
-0.420305 7.04589 1.8654 0.265589 0.273492 0.018197 -0.005777 0.999818
-4.0764 4.93226 1.93948 0.130321 0.193729 0.004608 -0.006724 0.999967
-0.41391 4.89064 1.86723 0.266524 0.193354 0.015129 -0.005835 0.999869
-4.07386 7.04589 1.96903 0.129737 0.272324 -0.002876 -0.006733 0.999973
-4.0764 4.93226 1.93948 0.130321 0.193729 0.004608 -0.006724 0.999967
-0.420305 7.04589 1.8654 0.265589 0.273492 0.018197 -0.005777 0.999818
-4.07386 7.04589 1.96903 0.129737 0.272324 -0.002876 -0.006733 0.999973
-4.44435 4.932 1.88868 0.116513 0.193573 -0.049843 -0.005657 0.998741
-4.0764 4.93226 1.93948 0.130321 0.193729 0.004608 -0.006724 0.999967
-4.4468 7.41017 1.8975 0.115473 0.285716 -0.034957 -0.004976 0.999376
-4.44435 4.932 1.88868 0.116513 0.193573 -0.049843 -0.005657 0.998741
-4.07386 7.04589 1.96903 0.129737 0.272324 -0.002876 -0.006733 0.999973
-5.03181 7.37221 1.9027 0.093742 0.28408 -0.023083 -0.009216 0.999691
-4.44435 4.932 1.88868 0.116513 0.193573 -0.049843 -0.005657 0.998741
-4.4468 7.41017 1.8975 0.115473 0.285716 -0.034957 -0.004976 0.999376
-5.02578 4.93801 1.89226 0.094891 0.193573 -0.026911 -0.005465 0.999623
-4.44435 4.932 1.88868 0.116513 0.193573 -0.049843 -0.005657 0.998741
-5.03181 7.37221 1.9027 0.093742 0.28408 -0.023083 -0.009216 0.999691
6.31039 0.057543 1.87133 0.518322 0.015839 0.060594 -0.001118 0.998162
4.94499 2.93104 1.95744 0.466505 0.12221 0.000552 -0.001501 0.999999
4.91545 0.057543 1.95607 0.466362 0.015365 7.7e-05 -0.001393 0.999999
6.35224 2.91535 1.87205 0.518914 0.122087 0.060242 -0.001352 0.998183
4.94499 2.93104 1.95744 0.466505 0.12221 0.000552 -0.001501 0.999999
6.31039 0.057543 1.87133 0.518322 0.015839 0.060594 -0.001118 0.998162
3.68649 0.057543 1.87133 0.420562 0.014957 -0.037401 -0.00202 0.999298
4.94499 2.93104 1.95744 0.466505 0.12221 0.000552 -0.001501 0.999999
3.58344 2.92257 1.87488 0.415797 0.121454 -0.034756 -0.001976 0.999394
4.91545 0.057543 1.95607 0.466362 0.015365 7.7e-05 -0.001393 0.999999
4.94499 2.93104 1.95744 0.466505 0.12221 0.000552 -0.001501 0.999999
3.68649 0.057543 1.87133 0.420562 0.014957 -0.037401 -0.00202 0.999298
2.75469 0.057543 1.87133 0.385904 0.014652 -0.001358 -0.002364 0.999996
3.58344 2.92257 1.87488 0.415797 0.121454 -0.034756 -0.001976 0.999394
2.75809 2.92574 1.88281 0.38511 0.121309 -0.002334 -0.002321 0.999995
3.68649 0.057543 1.87133 0.420562 0.014957 -0.037401 -0.00202 0.999298
3.58344 2.92257 1.87488 0.415797 0.121454 -0.034756 -0.001976 0.999394
2.75469 0.057543 1.87133 0.385904 0.014652 -0.001358 -0.002364 0.999996
2.75469 0.057543 1.87133 0.385904 0.014652 -0.001358 -0.002364 0.999996
2.31525 2.92519 1.87133 0.368638 0.121143 -0.005289 -0.001204 0.999985
2.3206 0.057543 1.87133 0.369759 0.014513 -0.003168 -0.001201 0.999994
2.75809 2.92574 1.88281 0.38511 0.121309 -0.002334 -0.002321 0.999995
2.31525 2.92519 1.87133 0.368638 0.121143 -0.005289 -0.001204 0.999985
2.75469 0.057543 1.87133 0.385904 0.014652 -0.001358 -0.002364 0.999996
1.58808 0.057543 1.87133 0.342521 0.01428 0.000823 -0.001156 0.999999
2.31525 2.92519 1.87133 0.368638 0.121143 -0.005289 -0.001204 0.999985
1.59206 2.92756 1.87543 0.341746 0.121002 0.00138 -0.001157 0.999998
2.3206 0.057543 1.87133 0.369759 0.014513 -0.003168 -0.001201 0.999994
2.31525 2.92519 1.87133 0.368638 0.121143 -0.005289 -0.001204 0.999985
1.58808 0.057543 1.87133 0.342521 0.01428 0.000823 -0.001156 0.999999
0.062037 0.057543 1.87133 0.285778 0.013802 -0.001639 -0.001107 0.999998
1.59206 2.92756 1.87543 0.341746 0.121002 0.00138 -0.001157 0.999998
0.053218 2.9313 1.87506 0.284528 0.120651 -0.002759 -0.001109 0.999996
1.58808 0.057543 1.87133 0.342521 0.01428 0.000823 -0.001156 0.999999
1.59206 2.92756 1.87543 0.341746 0.121002 0.00138 -0.001157 0.999998
0.062037 0.057543 1.87133 0.285778 0.013802 -0.001639 -0.001107 0.999998
-0.39957 0.057543 1.87133 0.268614 0.013665 0.004416 -0.005873 0.999973
0.053218 2.9313 1.87506 0.284528 0.120651 -0.002759 -0.001109 0.999996
-0.408098 2.93155 1.86889 0.267372 0.120512 0.007442 -0.005886 0.999955
0.062037 0.057543 1.87133 0.285778 0.013802 -0.001639 -0.001107 0.999998
0.053218 2.9313 1.87506 0.284528 0.120651 -0.002759 -0.001109 0.999996
-0.39957 0.057543 1.87133 0.268614 0.013665 0.004416 -0.005873 0.999973
-4.08226 0.057543 1.87133 0.131732 0.012477 0.001552 -0.006776 0.999976
-0.408098 2.93155 1.86889 0.267372 0.120512 0.007442 -0.005886 0.999955
-4.07879 2.94673 1.91172 0.130889 0.119887 0.002589 -0.006784 0.999974
-0.39957 0.057543 1.87133 0.268614 0.013665 0.004416 -0.005873 0.999973
-0.408098 2.93155 1.86889 0.267372 0.120512 0.007442 -0.005886 0.999955
-4.08226 0.057543 1.87133 0.131732 0.012477 0.001552 -0.006776 0.999976
-4.08226 0.057543 1.87133 0.131732 0.012477 0.001552 -0.006776 0.999976
-4.44239 2.94331 1.8816 0.11733 0.119625 -0.025038 -0.005785 0.99967
-4.43954 0.057543 1.87133 0.118445 0.012348 -0.014951 -0.005787 0.999871
-4.07879 2.94673 1.91172 0.130889 0.119887 0.002589 -0.006784 0.999974
-4.44239 2.94331 1.8816 0.11733 0.119625 -0.025038 -0.005785 0.99967
-4.08226 0.057543 1.87133 0.131732 0.012477 0.001552 -0.006776 0.999976
-5.0137 0.057543 1.87133 0.097114 0.012147 -0.020583 -0.002316 0.999786
-4.44239 2.94331 1.8816 0.11733 0.119625 -0.025038 -0.005785 0.99967
-5.02085 2.94504 1.88371 0.095827 0.11948 -0.024648 -0.001691 0.999695
-4.43954 0.057543 1.87133 0.118445 0.012348 -0.014951 -0.005787 0.999871
-4.44239 2.94331 1.8816 0.11733 0.119625 -0.025038 -0.005785 0.99967
-5.0137 0.057543 1.87133 0.097114 0.012147 -0.020583 -0.002316 0.999786
-6.14607 0.057543 1.84332 0.055021 0.011741 -0.032054 -0.001493 0.999485
-5.02085 2.94504 1.88371 0.095827 0.11948 -0.024648 -0.001691 0.999695
-6.14607 2.94146 1.83932 0.053963 0.118923 -0.038811 -0.000553 0.999246
-5.0137 0.057543 1.87133 0.097114 0.012147 -0.020583 -0.002316 0.999786
-5.02085 2.94504 1.88371 0.095827 0.11948 -0.024648 -0.001691 0.999695
-6.14607 0.057543 1.84332 0.055021 0.011741 -0.032054 -0.001493 0.999485
-6.14607 2.94146 1.83932 0.053963 0.118923 -0.038811 -0.000553 0.999246
-5.02578 4.93801 1.89226 0.094891 0.193573 -0.026911 -0.005465 0.999623
-6.14607 4.94409 1.82727 0.053169 0.193359 -0.044403 -0.006332 0.998994
-5.02085 2.94504 1.88371 0.095827 0.11948 -0.024648 -0.001691 0.999695
-5.02578 4.93801 1.89226 0.094891 0.193573 -0.026911 -0.005465 0.999623
-6.14607 2.94146 1.83932 0.053963 0.118923 -0.038811 -0.000553 0.999246
-5.02085 2.94504 1.88371 0.095827 0.11948 -0.024648 -0.001691 0.999695
-4.44435 4.932 1.88868 0.116513 0.193573 -0.049843 -0.005657 0.998741
-5.02578 4.93801 1.89226 0.094891 0.193573 -0.026911 -0.005465 0.999623
-4.44239 2.94331 1.8816 0.11733 0.119625 -0.025038 -0.005785 0.99967
-4.44435 4.932 1.88868 0.116513 0.193573 -0.049843 -0.005657 0.998741
-5.02085 2.94504 1.88371 0.095827 0.11948 -0.024648 -0.001691 0.999695
-4.07879 2.94673 1.91172 0.130889 0.119887 0.002589 -0.006784 0.999974
-4.44435 4.932 1.88868 0.116513 0.193573 -0.049843 -0.005657 0.998741
-4.44239 2.94331 1.8816 0.11733 0.119625 -0.025038 -0.005785 0.99967
-4.0764 4.93226 1.93948 0.130321 0.193729 0.004608 -0.006724 0.999967
-4.44435 4.932 1.88868 0.116513 0.193573 -0.049843 -0.005657 0.998741
-4.07879 2.94673 1.91172 0.130889 0.119887 0.002589 -0.006784 0.999974
-0.41391 4.89064 1.86723 0.266524 0.193354 0.015129 -0.005835 0.999869
-4.07879 2.94673 1.91172 0.130889 0.119887 0.002589 -0.006784 0.999974
-0.408098 2.93155 1.86889 0.267372 0.120512 0.007442 -0.005886 0.999955
-4.0764 4.93226 1.93948 0.130321 0.193729 0.004608 -0.006724 0.999967
-4.07879 2.94673 1.91172 0.130889 0.119887 0.002589 -0.006784 0.999974
-0.41391 4.89064 1.86723 0.266524 0.193354 0.015129 -0.005835 0.999869
0.047218 4.88689 1.8776 0.28368 0.193365 -0.005582 -0.00112 0.999984
-0.408098 2.93155 1.86889 0.267372 0.120512 0.007442 -0.005886 0.999955
0.053218 2.9313 1.87506 0.284528 0.120651 -0.002759 -0.001109 0.999996
-0.41391 4.89064 1.86723 0.266524 0.193354 0.015129 -0.005835 0.999869
-0.408098 2.93155 1.86889 0.267372 0.120512 0.007442 -0.005886 0.999955
0.047218 4.88689 1.8776 0.28368 0.193365 -0.005582 -0.00112 0.999984
1.59476 4.87168 1.87822 0.341223 0.193298 0.002835 -0.001159 0.999995
0.053218 2.9313 1.87506 0.284528 0.120651 -0.002759 -0.001109 0.999996
1.59206 2.92756 1.87543 0.341746 0.121002 0.00138 -0.001157 0.999998
0.047218 4.88689 1.8776 0.28368 0.193365 -0.005582 -0.00112 0.999984
0.053218 2.9313 1.87506 0.284528 0.120651 -0.002759 -0.001109 0.999996
1.59476 4.87168 1.87822 0.341223 0.193298 0.002835 -0.001159 0.999995
2.31163 4.86408 1.87133 0.367881 0.193246 -0.011722 -0.001259 0.999931
1.59206 2.92756 1.87543 0.341746 0.121002 0.00138 -0.001157 0.999998
2.31525 2.92519 1.87133 0.368638 0.121143 -0.005289 -0.001204 0.999985
1.59476 4.87168 1.87822 0.341223 0.193298 0.002835 -0.001159 0.999995
1.59206 2.92756 1.87543 0.341746 0.121002 0.00138 -0.001157 0.999998
2.31163 4.86408 1.87133 0.367881 0.193246 -0.011722 -0.001259 0.999931
2.76038 4.86113 1.89056 0.384584 0.193278 -0.004626 -0.002232 0.999987
2.31525 2.92519 1.87133 0.368638 0.121143 -0.005289 -0.001204 0.999985
2.75809 2.92574 1.88281 0.38511 0.121309 -0.002334 -0.002321 0.999995
2.31163 4.86408 1.87133 0.367881 0.193246 -0.011722 -0.001259 0.999931
2.31525 2.92519 1.87133 0.368638 0.121143 -0.005289 -0.001204 0.999985
2.76038 4.86113 1.89056 0.384584 0.193278 -0.004626 -0.002232 0.999987
3.51401 4.85269 1.87727 0.412617 0.19319 -0.028536 -0.001973 0.999591
2.75809 2.92574 1.88281 0.38511 0.121309 -0.002334 -0.002321 0.999995
3.58344 2.92257 1.87488 0.415797 0.121454 -0.034756 -0.001976 0.999394
2.76038 4.86113 1.89056 0.384584 0.193278 -0.004626 -0.002232 0.999987
2.75809 2.92574 1.88281 0.38511 0.121309 -0.002334 -0.002321 0.999995
3.51401 4.85269 1.87727 0.412617 0.19319 -0.028536 -0.001973 0.999591
4.96466 4.84459 1.95835 0.466626 0.193339 -0.003945 -0.001498 0.999991
3.58344 2.92257 1.87488 0.415797 0.121454 -0.034756 -0.001976 0.999394
4.94499 2.93104 1.95744 0.466505 0.12221 0.000552 -0.001501 0.999999
3.51401 4.85269 1.87727 0.412617 0.19319 -0.028536 -0.001973 0.999591
3.58344 2.92257 1.87488 0.415797 0.121454 -0.034756 -0.001976 0.999394
4.96466 4.84459 1.95835 0.466626 0.193339 -0.003945 -0.001498 0.999991
6.3539 4.82463 1.87639 0.518346 0.193034 0.059677 -0.00116 0.998217
4.94499 2.93104 1.95744 0.466505 0.12221 0.000552 -0.001501 0.999999
6.35224 2.91535 1.87205 0.518914 0.122087 0.060242 -0.001352 0.998183
4.96466 4.84459 1.95835 0.466626 0.193339 -0.003945 -0.001498 0.999991
4.94499 2.93104 1.95744 0.466505 0.12221 0.000552 -0.001501 0.999999
6.3539 4.82463 1.87639 0.518346 0.193034 0.059677 -0.00116 0.998217
