Vertex Count: 1014

Data:

-1.73389 0.913442 -0.421729 0.508747 0.202697 0 0 -1
-1.40374 0.058938 -0.421729 0.538389 0.329868 0 0 -1
-1.73389 0.058938 -0.421729 0.508747 0.329868 0 0 -1
-1.40374 0.921972 -0.421729 0.538389 0.201428 0 0 -1
-1.40374 0.058938 -0.421729 0.538389 0.329868 0 0 -1
-1.73389 0.913442 -0.421729 0.508747 0.202697 0 0 -1
-1.73389 2.20485 0.422961 0.029474 0.30905 -0.064749 0.997902 -0
-1.40374 2.22627 -0.421729 0.028107 0.306104 -0.064749 0.997902 -0
-1.73389 2.20485 -0.421729 0.029547 0.303148 -0.064749 0.997902 -0
-1.40374 2.22627 0.431024 0.028107 0.306104 -0.064749 0.997902 -0
-1.40374 2.22627 -0.421729 0.028107 0.306104 -0.064749 0.997902 -0
-1.73389 2.20485 0.422961 0.029474 0.30905 -0.064749 0.997902 -0
-1.73389 0.058938 0.413428 0.075803 0.319967 0 -1 -0
-1.40374 0.058938 -0.421729 0.087686 0.291366 0 -1 -0
-1.39837 0.058938 0.421729 0.08755 0.322208 0 -1 -0
-1.73389 0.058938 -0.421729 0.076099 0.293063 0 -1 -0
-1.40374 0.058938 -0.421729 0.087686 0.291366 0 -1 -0
-1.73389 0.058938 0.413428 0.075803 0.319967 0 -1 -0
-1.73389 0.913442 0.412245 0.050836 0.316598 -1 0 -0
-1.73389 0.058938 -0.421729 0.076099 0.293063 -1 0 -0
-1.73389 0.058938 0.413428 0.075803 0.319967 -1 0 -0
-1.73389 0.913442 -0.421729 0.051056 0.295876 -1 0 -0
-1.73389 0.058938 -0.421729 0.076099 0.293063 -1 0 -0
-1.73389 0.913442 0.412245 0.050836 0.316598 -1 0 -0
0.770915 2.12958 0.421729 0.45132 0.279972 -0.293216 0.956046 -0
0.905973 2.23099 -0.421729 0.468692 0.304614 0.113953 0.993135 -0.026423
0.770915 2.12958 -0.421729 0.451146 0.329354 -0.282256 0.959339 -0
0.905973 2.23099 0.430421 0.468692 0.304614 0.237227 0.971 -0.029701
0.905973 2.23099 -0.421729 0.468692 0.304614 0.113953 0.993135 -0.026423
0.770915 2.12958 0.421729 0.45132 0.279972 -0.293216 0.956046 -0
0.905973 0.058938 -0.421729 0.191209 0.287014 0 -1 -0
0.774781 0.058938 0.421729 0.183891 0.328886 0 -1 -0
0.770915 0.058938 -0.421729 0.184377 0.287186 0 -1 -0
0.903402 0.058938 0.421729 0.190367 0.329252 0 -1 -0
0.774781 0.058938 0.421729 0.183891 0.328886 0 -1 -0
0.905973 0.058938 -0.421729 0.191209 0.287014 0 -1 -0
1.98169 1.83608 0.422364 0.458787 0.315949 0.075128 0.997174 8.3e-05
1.56219 1.92946 -0.263615 0.463419 0.302045 0.344968 0.938368 -0.021489
1.56287 1.93013 0.447728 0.46565 0.31082 0.349098 0.936824 -0.022183
1.98126 1.83624 -0.367021 0.454089 0.298617 0.003739 0.999993 0.00037
1.56219 1.92946 -0.263615 0.463419 0.302045 0.344968 0.938368 -0.021489
1.98169 1.83608 0.422364 0.458787 0.315949 0.075128 0.997174 8.3e-05
0.905973 0.058938 -0.421729 0.191209 0.287014 0 -1 -0
1.43059 0.058938 0.421729 0.217471 0.330309 0 -1 -0
0.903402 0.058938 0.421729 0.190367 0.329252 0 -1 -0
1.46178 0.058938 -0.421729 0.219881 0.286884 0 -1 -0
1.43059 0.058938 0.421729 0.217471 0.330309 0 -1 -0
0.905973 0.058938 -0.421729 0.191209 0.287014 0 -1 -0
-1.2304 2.23752 0.429483 0.061172 0.302548 0.36955 0.929211 -0
-1.11989 2.12958 -0.421729 0.078065 0.333531 0.090554 0.995892 -0
-1.2304 2.23752 -0.421729 0.061172 0.302548 0.324862 0.945762 -0
-1.11989 2.12958 0.450676 0.078089 0.270916 0.073154 0.997321 -0
-1.11989 2.12958 -0.421729 0.078065 0.333531 0.090554 0.995892 -0
-1.2304 2.23752 0.429483 0.061172 0.302548 0.36955 0.929211 -0
-1.11989 0.058938 -0.421729 0.098822 0.289922 0 -1 -0
-1.22825 0.058938 0.421729 0.094067 0.323238 0 -1 -0
-1.2304 0.058938 -0.421729 0.094356 0.290477 0 -1 -0
-1.12239 0.058938 0.421729 0.098323 0.323861 0 -1 -0
-1.22825 0.058938 0.421729 0.094067 0.323238 0 -1 -0
-1.11989 0.058938 -0.421729 0.098822 0.289922 0 -1 -0
-1.11989 2.12958 -0.421729 0.078065 0.333531 0.090554 0.995892 -0
-0.037349 2.12958 0.419971 0.285802 0.234308 0 1 -0
-0.037349 2.12958 -0.421729 0.285814 0.374617 0 1 -0
-1.11989 2.12958 0.450676 0.078089 0.270916 0.073154 0.997321 -0
-0.037349 2.12958 0.419971 0.285802 0.234308 0 1 -0
-1.11989 2.12958 -0.421729 0.078065 0.333531 0.090554 0.995892 -0
-0.037349 0.058938 -0.421729 0.145576 0.288664 0 -1 -0
-1.12239 0.058938 0.421729 0.098323 0.323861 0 -1 -0
-1.11989 0.058938 -0.421729 0.098822 0.289922 0 -1 -0
-0.031205 0.058938 0.421729 0.145368 0.326282 0 -1 -0
-1.12239 0.058938 0.421729 0.098323 0.323861 0 -1 -0
-0.037349 0.058938 -0.421729 0.145576 0.288664 0 -1 -0
-1.73389 1.50682 0.408674 0.038142 0.312982 -1 0 -0
-1.73389 0.913442 -0.421729 0.051056 0.295876 -1 0 -0
-1.73389 0.913442 0.412245 0.050836 0.316598 -1 0 -0
-1.73389 1.50682 -0.421729 0.038271 0.299218 -1 0 -0
-1.73389 0.913442 -0.421729 0.051056 0.295876 -1 0 -0
-1.73389 1.50682 0.408674 0.038142 0.312982 -1 0 -0
1.96975 1.47148 -0.421729 0.841272 0.119648 -0.143724 0.06397 -0.987548
1.55377 0.906766 -0.339828 0.803923 0.203691 0.005337 0.030723 -0.999514
1.54768 1.47477 -0.306839 0.803377 0.119158 0.041063 0.065795 -0.996988
1.96927 0.906356 -0.421729 0.841229 0.203752 -0.146645 0.000986 -0.989189
1.55377 0.906766 -0.339828 0.803923 0.203691 0.005337 0.030723 -0.999514
1.96975 1.47148 -0.421729 0.841272 0.119648 -0.143724 0.06397 -0.987548
0.806707 1.45046 -0.421729 0.73685 0.122775 0 0 -1
0.950374 0.923849 -0.421729 0.749749 0.201148 0.129137 0.066931 -0.989365
0.837132 0.873162 -0.421729 0.739581 0.208692 0 0 -1
0.929973 1.52445 -0.421729 0.747917 0.111764 0.157321 0.047891 -0.986386
0.950374 0.923849 -0.421729 0.749749 0.201148 0.129137 0.066931 -0.989365
0.806707 1.45046 -0.421729 0.73685 0.122775 0 0 -1
-0.016858 1.45285 -0.421729 0.662907 0.122421 0 0 -1
-1.11989 0.88347 -0.421729 0.563873 0.207158 0 0 -1
-1.11989 1.45604 -0.421729 0.563873 0.121946 0 0 -1
0.000562 0.877568 -0.421729 0.664471 0.208036 0 0 -1
-1.11989 0.88347 -0.421729 0.563873 0.207158 0 0 -1
-0.016858 1.45285 -0.421729 0.662907 0.122421 0 0 -1
-1.11989 1.45604 -0.421729 0.563873 0.121946 0 0 -1
-1.2304 0.926451 -0.421729 0.553952 0.200761 0 0 -1
-1.2304 1.52886 -0.421729 0.553952 0.111108 0 0 -1
-1.11989 0.88347 -0.421729 0.563873 0.207158 0 0 -1
-1.2304 0.926451 -0.421729 0.553952 0.200761 0 0 -1
-1.11989 1.45604 -0.421729 0.563873 0.121946 0 0 -1
-1.73389 1.50682 -0.421729 0.508747 0.114388 0 0 -1
-1.40374 0.921972 -0.421729 0.538389 0.201428 0 0 -1
-1.73389 0.913442 -0.421729 0.508747 0.202697 0 0 -1
-1.40374 1.52127 -0.421729 0.538389 0.112237 0 0 -1
-1.40374 0.921972 -0.421729 0.538389 0.201428 0 0 -1
-1.73389 1.50682 -0.421729 0.508747 0.114388 0 0 -1
-1.40374 2.22627 -0.421729 0.028107 0.306104 -0.064749 0.997902 -0
-1.2304 2.23752 0.429483 0.061172 0.302548 0.36955 0.929211 -0
-1.2304 2.23752 -0.421729 0.061172 0.302548 0.324862 0.945762 -0
-1.40374 2.22627 0.431024 0.028107 0.306104 -0.064749 0.997902 -0
-1.2304 2.23752 0.429483 0.061172 0.302548 0.36955 0.929211 -0
-1.40374 2.22627 -0.421729 0.028107 0.306104 -0.064749 0.997902 -0
-1.2304 0.058938 -0.421729 0.094356 0.290477 0 -1 -0
-1.39837 0.058938 0.421729 0.08755 0.322208 0 -1 -0
-1.40374 0.058938 -0.421729 0.087686 0.291366 0 -1 -0
-1.22825 0.058938 0.421729 0.094067 0.323238 0 -1 -0
-1.39837 0.058938 0.421729 0.08755 0.322208 0 -1 -0
-1.2304 0.058938 -0.421729 0.094356 0.290477 0 -1 -0
-1.40374 1.52127 -0.421729 0.538389 0.112237 0 0 -1
-1.2304 0.926451 -0.421729 0.553952 0.200761 0 0 -1
-1.40374 0.921972 -0.421729 0.538389 0.201428 0 0 -1
-1.2304 1.52886 -0.421729 0.553952 0.111108 0 0 -1
-1.2304 0.926451 -0.421729 0.553952 0.200761 0 0 -1
-1.40374 1.52127 -0.421729 0.538389 0.112237 0 0 -1
1.54215 0.058938 -0.306839 0.224019 0.292783 0 -1 -0
1.95695 0.058938 0.421729 0.24519 0.331284 0 -1 -0
1.54364 0.058938 0.446836 0.223337 0.331876 0 -1 -0
1.95778 0.058938 -0.421729 0.246216 0.28698 0 -1 -0
1.95695 0.058938 0.421729 0.24519 0.331284 0 -1 -0
1.54215 0.058938 -0.306839 0.224019 0.292783 0 -1 -0
1.55377 0.906766 -0.339828 0.803923 0.203691 0.005337 0.030723 -0.999514
1.95778 0.058938 -0.421729 0.840197 0.329868 -0.1481 -0.010153 -0.98892
1.54215 0.058938 -0.306839 0.80288 0.329868 -0.002068 -0.013088 -0.999912
1.96927 0.906356 -0.421729 0.841229 0.203752 -0.146645 0.000986 -0.989189
1.95778 0.058938 -0.421729 0.840197 0.329868 -0.1481 -0.010153 -0.98892
1.55377 0.906766 -0.339828 0.803923 0.203691 0.005337 0.030723 -0.999514
0.905973 0.058938 -0.827956 0.907855 0.852324 0 0 -1
0.837132 0.873162 -0.827956 0.898305 0.665076 0 0 -1
0.950374 0.923849 -0.827956 0.914016 0.653419 0 0 -1
0.770915 0.058938 -0.827956 0.889118 0.852324 0 0 -1
0.837132 0.873162 -0.827956 0.898305 0.665076 0 0 -1
0.905973 0.058938 -0.827956 0.907855 0.852324 0 0 -1
1.46178 0.058938 -0.827956 0.218871 0.020407 0 -1 -0
0.905973 0.058938 -0.421729 0.185318 0.030005 0 -1 -0
0.905973 0.058938 -0.827956 0.185454 0.00736701 0 -1 -0
1.46178 0.058938 -0.421729 0.207178 0.0357 0 -1 -0
0.905973 0.058938 -0.421729 0.185318 0.030005 0 -1 -0
1.46178 0.058938 -0.827956 0.218871 0.020407 0 -1 -0
1.46178 0.058938 -0.827956 0.218871 0.020407 0.998512 0.054529 -0
1.41541 0.908124 -0.421729 0.228821 0.065126 0.998512 0.054529 -0
1.46178 0.058938 -0.421729 0.207178 0.0357 0.998512 0.054529 -0
1.41541 0.908124 -0.827956 0.246627 0.058754 0.998512 0.054529 -0
1.41541 0.908124 -0.421729 0.228821 0.065126 0.998512 0.054529 -0
1.46178 0.058938 -0.827956 0.218871 0.020407 0.998512 0.054529 -0
0.950374 0.923849 -0.827956 0.247904 0.089505 -0.060349 0.998177 -0
1.41541 0.908124 -0.421729 0.228821 0.065126 0.033795 0.999429 -0
1.41541 0.908124 -0.827956 0.246627 0.058754 0.033795 0.999429 -0
0.950374 0.923849 -0.421729 0.227125 0.082163 -0.060349 0.998177 -0
1.41541 0.908124 -0.421729 0.228821 0.065126 0.033795 0.999429 -0
0.950374 0.923849 -0.827956 0.247904 0.089505 -0.060349 0.998177 -0
0.950374 0.923849 -0.827956 0.247904 0.089505 -0.060349 0.998177 -0
0.837132 0.873162 -0.421729 0.223321 0.085039 -0.148058 0.988979 -0
0.950374 0.923849 -0.421729 0.227125 0.082163 -0.060349 0.998177 -0
0.837132 0.873162 -0.827956 0.244575 0.100309 -0.148058 0.988979 -0
0.837132 0.873162 -0.421729 0.223321 0.085039 -0.148058 0.988979 -0
0.950374 0.923849 -0.827956 0.247904 0.089505 -0.060349 0.998177 -0
0.000562 0.877568 -0.827956 0.176426 0.156202 0.005267 0.999986 -0
-1.11989 0.88347 -0.421729 0.04297 0.159043 0.039679 0.999213 -0
0.000562 0.877568 -0.421729 0.159852 0.115367 0.005267 0.999986 -0
-1.11989 0.88347 -0.827956 0.055983 0.197063 0.039679 0.999213 -0
-1.11989 0.88347 -0.421729 0.04297 0.159043 0.039679 0.999213 -0
0.000562 0.877568 -0.827956 0.176426 0.156202 0.005267 0.999986 -0
-1.11989 0.88347 -0.827956 0.055983 0.197063 0.039679 0.999213 -0
-1.2304 0.926451 -0.421729 0.033866 0.166534 0.134415 0.990925 -0
-1.11989 0.88347 -0.421729 0.04297 0.159043 0.039679 0.999213 -0
-1.2304 0.926451 -0.827956 0.043044 0.196273 0.134415 0.990925 -0
-1.2304 0.926451 -0.421729 0.033866 0.166534 0.134415 0.990925 -0
-1.11989 0.88347 -0.827956 0.055983 0.197063 0.039679 0.999213 -0
-1.2304 0.926451 -0.827956 0.043044 0.196273 0.134415 0.990925 -0
-1.40374 0.921972 -0.421729 0.024832 0.175999 -0.025829 0.999666 -0
-1.2304 0.926451 -0.421729 0.033866 0.166534 0.134415 0.990925 -0
-1.40374 0.921972 -0.827956 0.028742 0.192518 -0.025829 0.999666 -0
-1.40374 0.921972 -0.421729 0.024832 0.175999 -0.025829 0.999666 -0
-1.2304 0.926451 -0.827956 0.043044 0.196273 0.134415 0.990925 -0
-1.40374 0.921972 -0.827956 0.028742 0.192518 -1 0 -0
-1.40374 0.058938 -0.421729 0.007469 0.189672 -1 0 -0
-1.40374 0.921972 -0.421729 0.024832 0.175999 -1 0 -0
-1.40374 0.058938 -0.827956 0.005843 0.183575 -1 0 -0
-1.40374 0.058938 -0.421729 0.007469 0.189672 -1 0 -0
-1.40374 0.921972 -0.827956 0.028742 0.192518 -1 0 -0
-1.40374 0.058938 -0.827956 0.005843 0.183575 0 -1 -0
-1.2304 0.058938 -0.421729 0.040534 0.189672 0 -1 -0
-1.40374 0.058938 -0.421729 0.007469 0.189672 0 -1 -0
-1.2304 0.058938 -0.827956 0.010339 0.167197 0 -1 -0
-1.2304 0.058938 -0.421729 0.040534 0.189672 0 -1 -0
-1.40374 0.058938 -0.827956 0.005843 0.183575 0 -1 -0
-1.2304 0.058938 -0.827956 0.010339 0.167197 0 -1 -0
-1.11989 0.058938 -0.421729 0.050044 0.182498 0 -1 -0
-1.2304 0.058938 -0.421729 0.040534 0.189672 0 -1 -0
-1.11989 0.058938 -0.827956 0.01526 0.15503 0 -1 -0
-1.11989 0.058938 -0.421729 0.050044 0.182498 0 -1 -0
-1.2304 0.058938 -0.827956 0.010339 0.167197 0 -1 -0
-1.11989 0.058938 -0.827956 0.01526 0.15503 0 -1 -0
-0.037349 0.058938 -0.421729 0.132016 0.083478 0 -1 -0
-1.11989 0.058938 -0.421729 0.050044 0.182498 0 -1 -0
-0.037349 0.058938 -0.827956 0.097135 0.052557 0 -1 -0
-0.037349 0.058938 -0.421729 0.132016 0.083478 0 -1 -0
-1.11989 0.058938 -0.827956 0.01526 0.15503 0 -1 -0
0.770915 0.058938 -0.827956 0.172886 0.00695699 0 -1 -0
0.905973 0.058938 -0.421729 0.185318 0.030005 0 -1 -0
0.770915 0.058938 -0.421729 0.180786 0.0329 0 -1 -0
0.905973 0.058938 -0.827956 0.185454 0.00736701 0 -1 -0
0.905973 0.058938 -0.421729 0.185318 0.030005 0 -1 -0
0.770915 0.058938 -0.827956 0.172886 0.00695699 0 -1 -0
-1.2304 0.058938 -0.827956 0.611459 0.852324 0 0 -1
-1.11989 0.88347 -0.827956 0.62679 0.662705 0 0 -1
-1.11989 0.058938 -0.827956 0.62679 0.852324 0 0 -1
-1.2304 0.926451 -0.827956 0.611459 0.652821 0 0 -1
-1.11989 0.88347 -0.827956 0.62679 0.662705 0 0 -1
-1.2304 0.058938 -0.827956 0.611459 0.852324 0 0 -1
-1.2304 0.058938 -0.827956 0.611459 0.852324 0 0 -1
-1.40374 0.921972 -0.827956 0.58741 0.653851 0 0 -1
-1.2304 0.926451 -0.827956 0.611459 0.652821 0 0 -1
-1.40374 0.058938 -0.827956 0.58741 0.852324 0 0 -1
-1.40374 0.921972 -0.827956 0.58741 0.653851 0 0 -1
-1.2304 0.058938 -0.827956 0.611459 0.852324 0 0 -1
-0.037349 0.058938 -0.827956 0.77698 0.852324 0 0 -1
-1.11989 0.88347 -0.827956 0.62679 0.662705 0 0 -1
0.000562 0.877568 -0.827956 0.78224 0.664062 0 0 -1
-1.11989 0.058938 -0.827956 0.62679 0.852324 0 0 -1
-1.11989 0.88347 -0.827956 0.62679 0.662705 0 0 -1
-0.037349 0.058938 -0.827956 0.77698 0.852324 0 0 -1
1.41541 0.908124 -0.827956 0.978534 0.657035 0 0 -1
0.905973 0.058938 -0.827956 0.907855 0.852324 0 0 -1
0.950374 0.923849 -0.827956 0.914016 0.653419 0 0 -1
1.46178 0.058938 -0.827956 0.984968 0.852324 0 0 -1
0.905973 0.058938 -0.827956 0.907855 0.852324 0 0 -1
1.41541 0.908124 -0.827956 0.978534 0.657035 0 0 -1
-0.043943 2.17939 1.70525 0.329831 0.537085 0 0 1
-1.73389 3.1639 1.70525 0.470439 0.401305 0 0 1
-1.73389 2.12578 1.70525 0.470439 0.544479 0 0 1
-0.043943 2.17939 1.70525 0.329831 0.537085 0 0 1
-1.40374 3.20059 1.70525 0.442969 0.396245 0 0 1
-1.73389 3.1639 1.70525 0.470439 0.401305 0 0 1
-0.043943 2.17939 1.70525 0.329831 0.537085 0 0 1
-1.2304 3.21985 1.70525 0.428547 0.393588 0 0 1
-1.40374 3.20059 1.70525 0.442969 0.396245 0 0 1
-0.043943 2.17939 1.70525 0.329831 0.537085 0 0 1
-1.09671 3.15093 1.70525 0.417424 0.403093 0 0 1
-1.2304 3.21985 1.70525 0.428547 0.393588 0 0 1
-0.043943 2.17939 1.70525 0.329831 0.537085 0 0 1
-0.04735 3.15757 1.70525 0.330114 0.402178 0 0 1
-1.09671 3.15093 1.70525 0.417424 0.403093 0 0 1
-1.40374 3.20059 0.479407 0.67311 0.411152 0.000991 0.052576 -0.998617
-1.2304 2.23752 0.429483 0.694242 0.605766 0.05319 0.043921 -0.997618
-1.40374 2.22627 0.431024 0.67311 0.608039 0.002235 0.052878 -0.998598
-1.2304 3.21985 0.479407 0.694242 0.40726 0.030848 0.046196 -0.998456
-1.2304 2.23752 0.429483 0.694242 0.605766 0.05319 0.043921 -0.997618
-1.40374 3.20059 0.479407 0.67311 0.411152 0.000991 0.052576 -0.998617
-1.2304 2.23752 0.429483 0.694242 0.605766 0.05319 0.043921 -0.997618
-1.09671 3.15093 0.479407 0.71054 0.421187 0.00287 0.042377 -0.999098
-1.11989 2.12958 0.450676 0.707713 0.627578 -0.007661 0.042799 -0.999054
-1.2304 3.21985 0.479407 0.694242 0.40726 0.030848 0.046196 -0.998456
-1.09671 3.15093 0.479407 0.71054 0.421187 0.00287 0.042377 -0.999098
-1.2304 2.23752 0.429483 0.694242 0.605766 0.05319 0.043921 -0.997618
-1.09671 3.15093 0.479407 0.71054 0.421187 0.00287 0.042377 -0.999098
-0.037349 2.12958 0.419971 0.839687 0.627578 -0.011824 0.044409 -0.998944
-1.11989 2.12958 0.450676 0.707713 0.627578 -0.007661 0.042799 -0.999054
-0.04735 3.15757 0.479407 0.838467 0.419845 -0.011268 0.044684 -0.998938
-0.037349 2.12958 0.419971 0.839687 0.627578 -0.011824 0.044409 -0.998944
-1.09671 3.15093 0.479407 0.71054 0.421187 0.00287 0.042377 -0.999098
0.736135 3.13934 0.479407 0.933982 0.423529 0.00365 0.054639 -0.9985
0.905973 2.23099 0.430421 0.954687 0.607087 0.020572 0.060006 -0.997986
0.770915 2.12958 0.421729 0.938222 0.627578 0.002677 0.054474 -0.998512
0.905973 3.1391 0.479407 0.954687 0.423578 0.015872 0.0581 -0.998185
0.905973 2.23099 0.430421 0.954687 0.607087 0.020572 0.060006 -0.997986
0.736135 3.13934 0.479407 0.933982 0.423529 0.00365 0.054639 -0.9985
0.905973 2.23099 0.430421 0.954687 0.607087 0.020572 0.060006 -0.997986
1.10256 2.87709 0.479407 0.978654 0.476523 0.033751 0.065343 -0.997292
1.10256 2.19769 0.424379 0.978654 0.613814 0.033751 0.065343 -0.997292
0.905973 3.1391 0.479407 0.954687 0.423578 0.015872 0.0581 -0.998185
1.10256 2.87709 0.479407 0.978654 0.476523 0.033751 0.065343 -0.997292
0.905973 2.23099 0.430421 0.954687 0.607087 0.020572 0.060006 -0.997986
1.54199 0.05882 1.59373 0.533429 0.892722 -0.009556 -0.999954 0.000595
1.95695 0.058938 0.421729 0.501123 0.981295 -0.001281 -0.999999 -0.000593
1.95768 0.058235 1.70525 0.501992 0.883967 -0.001492 -0.999999 -0.000681
1.54364 0.058938 0.446836 0.532482 0.97969 -0.010248 -0.999947 0.000667
1.95695 0.058938 0.421729 0.501123 0.981295 -0.001281 -0.999999 -0.000593
1.54199 0.05882 1.59373 0.533429 0.892722 -0.009556 -0.999954 0.000595
1.35149 0.068478 1.70525 0.547972 0.884399 -0.00203 -0.999973 0.007132
0.903402 0.058938 0.421729 0.581014 0.982058 0 -0.999972 0.007432
1.43059 0.058938 0.421729 0.541037 0.981673 -0.004255 -0.999968 0.006803
0.905973 0.068478 1.70525 0.581754 0.884722 0 -0.999972 0.007432
0.903402 0.058938 0.421729 0.581014 0.982058 0 -0.999972 0.007432
1.35149 0.068478 1.70525 0.547972 0.884399 -0.00203 -0.999973 0.007132
0.905973 0.068478 1.70525 0.581754 0.884722 0 -0.999972 0.007432
0.774781 0.058938 0.421729 0.590768 0.982148 0 -0.999972 0.007432
0.903402 0.058938 0.421729 0.581014 0.982058 0 -0.999972 0.007432
0.770915 0.068478 1.70525 0.591995 0.884821 0 -0.999972 0.007432
0.774781 0.058938 0.421729 0.590768 0.982148 0 -0.999972 0.007432
0.905973 0.068478 1.70525 0.581754 0.884722 0 -0.999972 0.007432
-0.037349 0.068478 1.70525 0.653276 0.885402 0 -0.999972 0.007432
-1.12239 0.058938 0.421729 0.734621 0.983515 0 -0.999972 0.007432
-0.031205 0.058938 0.421729 0.651886 0.982728 0 -0.999972 0.007432
-1.11989 0.068478 1.70525 0.735361 0.886175 0 -0.999972 0.007432
-1.12239 0.058938 0.421729 0.734621 0.983515 0 -0.999972 0.007432
-0.037349 0.068478 1.70525 0.653276 0.885402 0 -0.999972 0.007432
-1.11989 0.068478 1.70525 0.735361 0.886175 0 -0.999972 0.007432
-1.22825 0.058938 0.421729 0.742648 0.983593 0 -0.999972 0.007432
-1.12239 0.058938 0.421729 0.734621 0.983515 0 -0.999972 0.007432
-1.2304 0.068478 1.70525 0.74374 0.886255 0 -0.999972 0.007432
-1.22825 0.058938 0.421729 0.742648 0.983593 0 -0.999972 0.007432
-1.11989 0.068478 1.70525 0.735361 0.886175 0 -0.999972 0.007432
-1.2304 0.068478 1.70525 0.74374 0.886255 0 -0.999972 0.007432
-1.39837 0.058938 0.421729 0.755548 0.983719 -6.2e-05 -0.999973 0.007416
-1.22825 0.058938 0.421729 0.742648 0.983593 0 -0.999972 0.007432
-1.40374 0.068478 1.70525 0.756886 0.88638 -6.1e-05 -0.999973 0.007416
-1.39837 0.058938 0.421729 0.755548 0.983719 -6.2e-05 -0.999973 0.007416
-1.2304 0.068478 1.70525 0.74374 0.886255 0 -0.999972 0.007432
-1.39837 0.058938 0.421729 0.755548 0.983719 -6.2e-05 -0.999973 0.007416
-1.73389 0.068478 1.70525 0.781924 0.886622 -9.2e-05 -0.999973 0.007408
-1.73389 0.058938 0.413428 0.780987 0.9846 -9.2e-05 -0.999973 0.007408
-1.40374 0.068478 1.70525 0.756886 0.88638 -6.1e-05 -0.999973 0.007416
-1.73389 0.068478 1.70525 0.781924 0.886622 -9.2e-05 -0.999973 0.007408
-1.39837 0.058938 0.421729 0.755548 0.983719 -6.2e-05 -0.999973 0.007416
-1.73389 3.1639 1.70525 0.632861 0.418566 -1 0 -0
-1.73389 2.20485 0.422961 0.632861 0.612368 -1 0 -0
-1.73389 2.12578 1.70525 0.632861 0.628347 -1 0 -0
-1.73389 3.1639 0.479407 0.632861 0.418566 -1 0 -0
-1.73389 2.20485 0.422961 0.632861 0.612368 -1 0 -0
-1.73389 3.1639 1.70525 0.632861 0.418566 -1 0 -0
-1.73389 3.1639 0.479407 0.632861 0.418566 0.007428 0.05414 -0.998506
-1.40374 2.22627 0.431024 0.67311 0.608039 0.002235 0.052878 -0.998598
-1.73389 2.20485 0.422961 0.632861 0.612368 0.007428 0.05414 -0.998506
-1.40374 3.20059 0.479407 0.67311 0.411152 0.000991 0.052576 -0.998617
-1.40374 2.22627 0.431024 0.67311 0.608039 0.002235 0.052878 -0.998598
-1.73389 3.1639 0.479407 0.632861 0.418566 0.007428 0.05414 -0.998506
-1.40374 3.20059 1.70525 0.67311 0.411152 -0.110443 0.993883 -0
-1.2304 3.21985 0.479407 0.694242 0.40726 -0.110443 0.993882 -0
-1.40374 3.20059 0.479407 0.67311 0.411152 -0.110443 0.993883 -0
-1.2304 3.21985 1.70525 0.694242 0.40726 -0.110443 0.993882 -0
-1.2304 3.21985 0.479407 0.694242 0.40726 -0.110443 0.993882 -0
-1.40374 3.20059 1.70525 0.67311 0.411152 -0.110443 0.993883 -0
-1.2304 3.21985 1.70525 0.694242 0.40726 0.458209 0.888845 -0
-1.09671 3.15093 0.479407 0.71054 0.421187 0.458209 0.888845 -0
-1.2304 3.21985 0.479407 0.694242 0.40726 0.458209 0.888845 -0
-1.09671 3.15093 1.70525 0.71054 0.421187 0.458209 0.888845 -0
-1.09671 3.15093 0.479407 0.71054 0.421187 0.458209 0.888845 -0
-1.2304 3.21985 1.70525 0.694242 0.40726 0.458209 0.888845 -0
-1.09671 3.15093 1.70525 0.71054 0.421187 -0.006325 0.99998 -0
-0.04735 3.15757 0.479407 0.838467 0.419845 -0.037124 0.999311 -0
-1.09671 3.15093 0.479407 0.71054 0.421187 -0.006325 0.99998 -0
-0.04735 3.15757 1.70525 0.838467 0.419845 -0.037124 0.999311 -0
-0.04735 3.15757 0.479407 0.838467 0.419845 -0.037124 0.999311 -0
-1.09671 3.15093 1.70525 0.71054 0.421187 -0.006325 0.99998 -0
0.736134 3.13934 1.70525 0.933982 0.423529 0.001406 0.999999 -0
0.905973 3.1391 0.479407 0.954687 0.423578 0.001406 0.999999 -0
0.736135 3.13934 0.479407 0.933982 0.423529 0.001406 0.999999 -0
0.905973 3.1391 1.70525 0.954687 0.423578 0.001406 0.999999 -0
0.905973 3.1391 0.479407 0.954687 0.423578 0.001406 0.999999 -0
0.736134 3.13934 1.70525 0.933982 0.423529 0.001406 0.999999 -0
0.905973 3.1391 1.70525 0.954687 0.423578 0.791384 0.611308 -0.003742
1.10256 2.87709 0.479407 0.978654 0.476523 0.791384 0.611308 -0.003742
0.905973 3.1391 0.479407 0.954687 0.423578 0.791384 0.611308 -0.003742
1.11416 2.87709 1.70525 0.980067 0.476523 0.791384 0.611308 -0.003742
1.10256 2.87709 0.479407 0.978654 0.476523 0.791384 0.611308 -0.003742
0.905973 3.1391 1.70525 0.954687 0.423578 0.791384 0.611308 -0.003742
-1.73389 3.1639 1.70525 0.632861 0.418566 -0.110442 0.993883 -0
-1.40374 3.20059 0.479407 0.67311 0.411152 -0.110443 0.993883 -0
-1.73389 3.1639 0.479407 0.632861 0.418566 -0.110442 0.993883 -0
-1.40374 3.20059 1.70525 0.67311 0.411152 -0.110443 0.993883 -0
-1.40374 3.20059 0.479407 0.67311 0.411152 -0.110443 0.993883 -0
-1.73389 3.1639 1.70525 0.632861 0.418566 -0.110442 0.993883 -0
-0.04735 3.15757 1.70525 0.838467 0.419845 -0.037124 0.999311 -0
0.085027 3.19483 0.479407 0.854606 0.412315 -0.066185 0.997807 -0
-0.04735 3.15757 0.479407 0.838467 0.419845 -0.037124 0.999311 -0
0.085027 3.19483 1.70525 0.854606 0.412315 -0.066185 0.997807 -0
0.085027 3.19483 0.479407 0.854606 0.412315 -0.066185 0.997807 -0
-0.04735 3.15757 1.70525 0.838467 0.419845 -0.037124 0.999311 -0
0.089962 2.17997 1.70525 0.318689 0.537005 0 0 1
-0.04735 3.15757 1.70525 0.330114 0.402178 0 0 1
-0.043943 2.17939 1.70525 0.329831 0.537085 0 0 1
0.085027 3.19483 1.70525 0.3191 0.397039 0 0 1
-0.04735 3.15757 1.70525 0.330114 0.402178 0 0 1
0.089962 2.17997 1.70525 0.318689 0.537005 0 0 1
0.099215 0.068478 1.70525 0.642921 0.885304 0 -0.999972 0.007432
-0.031205 0.058938 0.421729 0.651886 0.982728 0 -0.999972 0.007432
0.105569 0.058938 0.421729 0.641515 0.98263 0 -0.999972 0.007432
-0.037349 0.068478 1.70525 0.653276 0.885402 0 -0.999972 0.007432
-0.031205 0.058938 0.421729 0.651886 0.982728 0 -0.999972 0.007432
0.099215 0.068478 1.70525 0.642921 0.885304 0 -0.999972 0.007432
0.099215 0.058938 -0.421729 0.151848 0.28829 0 -1 -0
-0.031205 0.058938 0.421729 0.145368 0.326282 0 -1 -0
-0.037349 0.058938 -0.421729 0.145576 0.288664 0 -1 -0
0.105569 0.058938 0.421729 0.151622 0.326846 0 -1 -0
-0.031205 0.058938 0.421729 0.145368 0.326282 0 -1 -0
0.099215 0.058938 -0.421729 0.151848 0.28829 0 -1 -0
0.099215 0.058938 -0.827956 0.110644 0.040797 0 -1 -0
-0.037349 0.058938 -0.421729 0.132016 0.083478 0 -1 -0
-0.037349 0.058938 -0.827956 0.097135 0.052557 0 -1 -0
0.099215 0.058938 -0.421729 0.140386 0.072023 0 -1 -0
-0.037349 0.058938 -0.421729 0.132016 0.083478 0 -1 -0
0.099215 0.058938 -0.827956 0.110644 0.040797 0 -1 -0
0.099215 0.058938 -0.827956 0.795927 0.852324 0 0 -1
0.000562 0.877568 -0.827956 0.78224 0.664062 0 0 -1
0.141908 0.876824 -0.827956 0.80185 0.664233 0 0 -1
-0.037349 0.058938 -0.827956 0.77698 0.852324 0 0 -1
0.000562 0.877568 -0.827956 0.78224 0.664062 0 0 -1
0.099215 0.058938 -0.827956 0.795927 0.852324 0 0 -1
0.141908 0.876824 -0.827956 0.192134 0.147646 0.005267 0.999986 -0
0.000562 0.877568 -0.421729 0.159852 0.115367 0.005267 0.999986 -0
0.141908 0.876824 -0.421729 0.173221 0.111045 0.005267 0.999986 -0
0.000562 0.877568 -0.827956 0.176426 0.156202 0.005267 0.999986 -0
0.000562 0.877568 -0.421729 0.159852 0.115367 0.005267 0.999986 -0
0.141908 0.876824 -0.827956 0.192134 0.147646 0.005267 0.999986 -0
0.122291 1.45244 -0.421729 0.675401 0.122481 0 0 -1
0.000562 0.877568 -0.421729 0.664471 0.208036 0 0 -1
-0.016858 1.45285 -0.421729 0.662907 0.122421 0 0 -1
0.141908 0.876824 -0.421729 0.677162 0.208147 0 0 -1
0.000562 0.877568 -0.421729 0.664471 0.208036 0 0 -1
0.122291 1.45244 -0.421729 0.675401 0.122481 0 0 -1
-0.037349 2.12958 0.419971 0.285802 0.234308 0 1 -0
0.099215 2.12958 -0.421729 0.318555 0.37375 0 1 -0
-0.037349 2.12958 -0.421729 0.285814 0.374617 0 1 -0
0.099215 2.12958 0.424419 0.318694 0.234551 0 1 -0
0.099215 2.12958 -0.421729 0.318555 0.37375 0 1 -0
-0.037349 2.12958 0.419971 0.285802 0.234308 0 1 -0
-0.04735 3.15757 0.479407 0.838467 0.419845 -0.011268 0.044684 -0.998938
0.099215 2.12958 0.424419 0.856335 0.627578 0.002196 0.052142 -0.998637
-0.037349 2.12958 0.419971 0.839687 0.627578 -0.011824 0.044409 -0.998944
0.085027 3.19483 0.479407 0.854606 0.412315 0.001806 0.051994 -0.998646
0.099215 2.12958 0.424419 0.856335 0.627578 0.002196 0.052142 -0.998637
-0.04735 3.15757 0.479407 0.838467 0.419845 -0.011268 0.044684 -0.998938
0.532277 3.19602 1.70525 0.90913 0.412076 0.084924 0.996387 -0
0.736135 3.13934 0.479407 0.933982 0.423529 0.267869 0.963455 -0
0.532277 3.19602 0.479407 0.90913 0.412076 0.084924 0.996387 -0
0.736134 3.13934 1.70525 0.933982 0.423529 0.267869 0.963455 -0
0.736135 3.13934 0.479407 0.933982 0.423529 0.267869 0.963455 -0
0.532277 3.19602 1.70525 0.90913 0.412076 0.084924 0.996387 -0
0.736134 3.13934 1.70525 0.264926 0.404692 0 0 1
0.542075 2.20649 1.70525 0.281072 0.533348 0 0 1
0.746661 2.20994 1.70525 0.26405 0.532872 0 0 1
0.532277 3.19602 1.70525 0.281887 0.396876 0 0 1
0.542075 2.20649 1.70525 0.281072 0.533348 0 0 1
0.736134 3.13934 1.70525 0.264926 0.404692 0 0 1
0.770915 0.068478 1.70525 0.591995 0.884821 0 -0.999972 0.007432
0.557734 0.058938 0.421729 0.607228 0.982306 0 -0.999972 0.007432
0.774781 0.058938 0.421729 0.590768 0.982148 0 -0.999972 0.007432
0.56061 0.068478 1.70525 0.607938 0.884971 0 -0.999972 0.007432
0.557734 0.058938 0.421729 0.607228 0.982306 0 -0.999972 0.007432
0.770915 0.068478 1.70525 0.591995 0.884821 0 -0.999972 0.007432
0.770915 0.058938 -0.421729 0.184377 0.287186 0 -1 -0
0.557734 0.058938 0.421729 0.173165 0.328241 0 -1 -0
0.56061 0.058938 -0.421729 0.173921 0.287509 0 -1 -0
0.774781 0.058938 0.421729 0.183891 0.328886 0 -1 -0
0.557734 0.058938 0.421729 0.173165 0.328241 0 -1 -0
0.770915 0.058938 -0.421729 0.184377 0.287186 0 -1 -0
0.770915 0.058938 -0.827956 0.172886 0.00695699 0 -1 -0
0.56061 0.058938 -0.421729 0.17104 0.041869 0 -1 -0
0.56061 0.058938 -0.827956 0.152385 0.012417 0 -1 -0
0.770915 0.058938 -0.421729 0.180786 0.0329 0 -1 -0
0.56061 0.058938 -0.421729 0.17104 0.041869 0 -1 -0
0.770915 0.058938 -0.827956 0.172886 0.00695699 0 -1 -0
0.770915 0.058938 -0.827956 0.889118 0.852324 0 0 -1
0.619462 0.874309 -0.827956 0.868105 0.664812 0 0 -1
0.837132 0.873162 -0.827956 0.898305 0.665076 0 0 -1
0.56061 0.058938 -0.827956 0.85994 0.852324 0 0 -1
0.619462 0.874309 -0.827956 0.868105 0.664812 0 0 -1
0.770915 0.058938 -0.827956 0.889118 0.852324 0 0 -1
0.837132 0.873162 -0.827956 0.244575 0.100309 -0.148058 0.988979 -0
0.619462 0.874309 -0.421729 0.211557 0.091465 0.005267 0.999986 -0
0.837132 0.873162 -0.421729 0.223321 0.085039 -0.148058 0.988979 -0
0.619462 0.874309 -0.827956 0.232642 0.11792 0.005267 0.999986 -0
0.619462 0.874309 -0.421729 0.211557 0.091465 0.005267 0.999986 -0
0.837132 0.873162 -0.827956 0.244575 0.100309 -0.148058 0.988979 -0
0.806707 1.45046 -0.421729 0.73685 0.122775 0 0 -1
0.619462 0.874309 -0.421729 0.720038 0.208521 0 0 -1
0.59242 1.45108 -0.421729 0.71761 0.122683 0 0 -1
0.837132 0.873162 -0.421729 0.739581 0.208692 0 0 -1
0.619462 0.874309 -0.421729 0.720038 0.208521 0 0 -1
0.806707 1.45046 -0.421729 0.73685 0.122775 0 0 -1
0.770915 2.12958 0.421729 0.45132 0.279972 -0.293216 0.956046 -0
0.56061 2.12958 -0.421729 0.417245 0.352876 0 1 -0
0.56061 2.12958 0.424691 0.417455 0.255951 0 1 -0
0.770915 2.12958 -0.421729 0.451146 0.329354 -0.282256 0.959339 -0
0.56061 2.12958 -0.421729 0.417245 0.352876 0 1 -0
0.770915 2.12958 0.421729 0.45132 0.279972 -0.293216 0.956046 -0
0.736135 3.13934 0.479407 0.933982 0.423529 0.00365 0.054639 -0.9985
0.56061 2.12958 0.424691 0.912584 0.627578 0.000239 0.052233 -0.998635
0.532277 3.19602 0.479407 0.90913 0.412076 0.000238 0.052054 -0.998644
0.770915 2.12958 0.421729 0.938222 0.627578 0.002677 0.054474 -0.998512
0.56061 2.12958 0.424691 0.912584 0.627578 0.000239 0.052233 -0.998635
0.736135 3.13934 0.479407 0.933982 0.423529 0.00365 0.054639 -0.9985
0.085027 3.19483 1.70525 0.854606 0.412315 -0.066185 0.997807 -0
0.532277 3.19602 0.479407 0.90913 0.412076 0.084924 0.996387 -0
0.085027 3.19483 0.479407 0.854606 0.412315 -0.066185 0.997807 -0
0.532277 3.19602 1.70525 0.90913 0.412076 0.084924 0.996387 -0
0.532277 3.19602 0.479407 0.90913 0.412076 0.084924 0.996387 -0
0.085027 3.19483 1.70525 0.854606 0.412315 -0.066185 0.997807 -0
0.542075 2.20649 1.70525 0.281072 0.533348 0 0 1
0.085027 3.19483 1.70525 0.3191 0.397039 0 0 1
0.089962 2.17997 1.70525 0.318689 0.537005 0 0 1
0.532277 3.19602 1.70525 0.281887 0.396876 0 0 1
0.085027 3.19483 1.70525 0.3191 0.397039 0 0 1
0.542075 2.20649 1.70525 0.281072 0.533348 0 0 1
0.56061 0.068478 1.70525 0.607938 0.884971 0 -0.999972 0.007432
0.105569 0.058938 0.421729 0.641515 0.98263 0 -0.999972 0.007432
0.557734 0.058938 0.421729 0.607228 0.982306 0 -0.999972 0.007432
0.099215 0.068478 1.70525 0.642921 0.885304 0 -0.999972 0.007432
0.105569 0.058938 0.421729 0.641515 0.98263 0 -0.999972 0.007432
0.56061 0.068478 1.70525 0.607938 0.884971 0 -0.999972 0.007432
0.56061 0.058938 -0.421729 0.173921 0.287509 0 -1 -0
0.105569 0.058938 0.421729 0.151622 0.326846 0 -1 -0
0.099215 0.058938 -0.421729 0.151848 0.28829 0 -1 -0
0.557734 0.058938 0.421729 0.173165 0.328241 0 -1 -0
0.105569 0.058938 0.421729 0.151622 0.326846 0 -1 -0
0.56061 0.058938 -0.421729 0.173921 0.287509 0 -1 -0
0.56061 0.058938 -0.827956 0.152385 0.012417 0 -1 -0
0.099215 0.058938 -0.421729 0.140386 0.072023 0 -1 -0
0.099215 0.058938 -0.827956 0.110644 0.040797 0 -1 -0
0.56061 0.058938 -0.421729 0.17104 0.041869 0 -1 -0
0.099215 0.058938 -0.421729 0.140386 0.072023 0 -1 -0
0.56061 0.058938 -0.827956 0.152385 0.012417 0 -1 -0
0.56061 0.058938 -0.827956 0.85994 0.852324 0 0 -1
0.141908 0.876824 -0.827956 0.80185 0.664233 0 0 -1
0.619462 0.874309 -0.827956 0.868105 0.664812 0 0 -1
0.099215 0.058938 -0.827956 0.795927 0.852324 0 0 -1
0.141908 0.876824 -0.827956 0.80185 0.664233 0 0 -1
0.56061 0.058938 -0.827956 0.85994 0.852324 0 0 -1
0.619462 0.874309 -0.827956 0.232642 0.11792 0.005267 0.999986 -0
0.141908 0.876824 -0.421729 0.173221 0.111045 0.005267 0.999986 -0
0.619462 0.874309 -0.421729 0.211557 0.091465 0.005267 0.999986 -0
0.141908 0.876824 -0.827956 0.192134 0.147646 0.005267 0.999986 -0
0.141908 0.876824 -0.421729 0.173221 0.111045 0.005267 0.999986 -0
0.619462 0.874309 -0.827956 0.232642 0.11792 0.005267 0.999986 -0
0.59242 1.45108 -0.421729 0.71761 0.122683 0 0 -1
0.141908 0.876824 -0.421729 0.677162 0.208147 0 0 -1
0.122291 1.45244 -0.421729 0.675401 0.122481 0 0 -1
0.619462 0.874309 -0.421729 0.720038 0.208521 0 0 -1
0.141908 0.876824 -0.421729 0.677162 0.208147 0 0 -1
0.59242 1.45108 -0.421729 0.71761 0.122683 0 0 -1
0.56061 2.12958 0.424691 0.417455 0.255951 0 1 -0
0.099215 2.12958 -0.421729 0.318555 0.37375 0 1 -0
0.099215 2.12958 0.424419 0.318694 0.234551 0 1 -0
0.56061 2.12958 -0.421729 0.417245 0.352876 0 1 -0
0.099215 2.12958 -0.421729 0.318555 0.37375 0 1 -0
0.56061 2.12958 0.424691 0.417455 0.255951 0 1 -0
0.532277 3.19602 0.479407 0.90913 0.412076 0.000238 0.052054 -0.998644
0.099215 2.12958 0.424419 0.856335 0.627578 0.002196 0.052142 -0.998637
0.085027 3.19483 0.479407 0.854606 0.412315 0.001806 0.051994 -0.998646
0.56061 2.12958 0.424691 0.912584 0.627578 0.000239 0.052233 -0.998635
0.099215 2.12958 0.424419 0.856335 0.627578 0.002196 0.052142 -0.998637
0.532277 3.19602 0.479407 0.90913 0.412076 0.000238 0.052054 -0.998644
1.98126 1.83624 -0.367021 0.842304 0.065363 -0.15307 0.133496 -0.979157
1.54768 1.47477 -0.306839 0.803377 0.119158 0.041063 0.065795 -0.996988
1.56219 1.92946 -0.263615 0.804679 0.05149 0.114674 0.059104 -0.991643
1.96975 1.47148 -0.421729 0.841272 0.119648 -0.143724 0.06397 -0.987548
1.54768 1.47477 -0.306839 0.803377 0.119158 0.041063 0.065795 -0.996988
1.98126 1.83624 -0.367021 0.842304 0.065363 -0.15307 0.133496 -0.979157
0.770915 2.12958 -0.421729 0.733636 0.021706 0 0 -1
0.929973 1.52445 -0.421729 0.747917 0.111764 0.157321 0.047891 -0.986386
0.806707 1.45046 -0.421729 0.73685 0.122775 0 0 -1
0.905973 2.23099 -0.421729 0.745762 0.00661498 0.188735 0.032756 -0.981482
0.929973 1.52445 -0.421729 0.747917 0.111764 0.157321 0.047891 -0.986386
0.770915 2.12958 -0.421729 0.733636 0.021706 0 0 -1
0.770915 2.12958 -0.421729 0.733636 0.021706 0 0 -1
0.59242 1.45108 -0.421729 0.71761 0.122683 0 0 -1
0.56061 2.12958 -0.421729 0.714754 0.021706 0 0 -1
0.806707 1.45046 -0.421729 0.73685 0.122775 0 0 -1
0.59242 1.45108 -0.421729 0.71761 0.122683 0 0 -1
0.770915 2.12958 -0.421729 0.733636 0.021706 0 0 -1
0.56061 2.12958 -0.421729 0.714754 0.021706 0 0 -1
0.122291 1.45244 -0.421729 0.675401 0.122481 0 0 -1
0.099215 2.12958 -0.421729 0.673329 0.021706 0 0 -1
0.59242 1.45108 -0.421729 0.71761 0.122683 0 0 -1
0.122291 1.45244 -0.421729 0.675401 0.122481 0 0 -1
0.56061 2.12958 -0.421729 0.714754 0.021706 0 0 -1
0.099215 2.12958 -0.421729 0.673329 0.021706 0 0 -1
-0.016858 1.45285 -0.421729 0.662907 0.122421 0 0 -1
-0.037349 2.12958 -0.421729 0.661068 0.021706 0 0 -1
0.122291 1.45244 -0.421729 0.675401 0.122481 0 0 -1
-0.016858 1.45285 -0.421729 0.662907 0.122421 0 0 -1
0.099215 2.12958 -0.421729 0.673329 0.021706 0 0 -1
-0.037349 2.12958 -0.421729 0.661068 0.021706 0 0 -1
-1.11989 1.45604 -0.421729 0.563873 0.121946 0 0 -1
-1.11989 2.12958 -0.421729 0.563873 0.021706 0 0 -1
-0.016858 1.45285 -0.421729 0.662907 0.122421 0 0 -1
-1.11989 1.45604 -0.421729 0.563873 0.121946 0 0 -1
-0.037349 2.12958 -0.421729 0.661068 0.021706 0 0 -1
-1.11989 2.12958 -0.421729 0.563873 0.021706 0 0 -1
-1.2304 1.52886 -0.421729 0.553952 0.111108 0 0 -1
-1.2304 2.23752 -0.421729 0.553952 0.005642 0 0 -1
-1.11989 1.45604 -0.421729 0.563873 0.121946 0 0 -1
-1.2304 1.52886 -0.421729 0.553952 0.111108 0 0 -1
-1.11989 2.12958 -0.421729 0.563873 0.021706 0 0 -1
-1.40374 2.22627 -0.421729 0.538389 0.00731599 0 0 -1
-1.2304 1.52886 -0.421729 0.553952 0.111108 0 0 -1
-1.40374 1.52127 -0.421729 0.538389 0.112237 0 0 -1
-1.2304 2.23752 -0.421729 0.553952 0.005642 0 0 -1
-1.2304 1.52886 -0.421729 0.553952 0.111108 0 0 -1
-1.40374 2.22627 -0.421729 0.538389 0.00731599 0 0 -1
-1.73389 2.20485 -0.421729 0.508747 0.010504 0 0 -1
-1.40374 1.52127 -0.421729 0.538389 0.112237 0 0 -1
-1.73389 1.50682 -0.421729 0.508747 0.114388 0 0 -1
-1.40374 2.22627 -0.421729 0.538389 0.00731599 0 0 -1
-1.40374 1.52127 -0.421729 0.538389 0.112237 0 0 -1
-1.73389 2.20485 -0.421729 0.508747 0.010504 0 0 -1
-1.73389 1.50682 0.408674 0.038142 0.312982 -1 0 -0
-1.73389 2.20485 -0.421729 0.029547 0.303148 -1 0 -0
-1.73389 1.50682 -0.421729 0.038271 0.299218 -1 0 -0
-1.73389 2.20485 0.422961 0.029474 0.30905 -1 0 -0
-1.73389 2.20485 -0.421729 0.029547 0.303148 -1 0 -0
-1.73389 1.50682 0.408674 0.038142 0.312982 -1 0 -0
-1.73389 0.068478 1.70525 0.781924 0.886622 -1 0 -0
-1.73389 0.913442 0.412245 0.845788 0.984835 -1 0 -0
-1.73389 0.058938 0.413428 0.780987 0.9846 -1 0 -0
-1.73389 0.905788 1.70525 0.845418 0.886766 -1 0 -0
-1.73389 0.913442 0.412245 0.845788 0.984835 -1 0 -0
-1.73389 0.068478 1.70525 0.781924 0.886622 -1 0 -0
1.10256 2.87709 0.479407 0.978654 0.476523 0.994453 0.088928 -0.05617
1.23073 2.2181 1.70525 0.994279 0.60969 0.994453 0.088928 -0.05617
1.10256 2.19769 0.424379 0.978654 0.613814 0.994453 0.088928 -0.056171
1.11416 2.87709 1.70525 0.980067 0.476523 0.994453 0.088928 -0.05617
1.23073 2.2181 1.70525 0.994279 0.60969 0.994453 0.088928 -0.05617
1.10256 2.87709 0.479407 0.978654 0.476523 0.994453 0.088928 -0.05617
-1.73389 1.47842 1.70525 0.888839 0.886857 -1 0 -0
-1.73389 0.913442 0.412245 0.845788 0.984835 -1 0 -0
-1.73389 0.905788 1.70525 0.845418 0.886766 -1 0 -0
-1.73389 1.50682 0.408674 0.890791 0.985187 -1 0 -0
-1.73389 0.913442 0.412245 0.845788 0.984835 -1 0 -0
-1.73389 1.47842 1.70525 0.888839 0.886857 -1 0 -0
0.754739 1.49672 1.70525 0.263378 0.631237 0 0 1
0.55311 0.896304 1.70525 0.280154 0.714044 0 0 1
0.76155 0.895328 1.70525 0.262811 0.714179 0 0 1
0.547643 1.49979 1.70525 0.280609 0.630814 0 0 1
0.55311 0.896304 1.70525 0.280154 0.714044 0 0 1
0.754739 1.49672 1.70525 0.263378 0.631237 0 0 1
0.55311 0.896304 1.70525 0.280154 0.714044 0 0 1
0.09269 1.45941 1.70525 0.318462 0.636383 0 0 1
0.095449 0.898201 1.70525 0.318233 0.713782 0 0 1
0.547643 1.49979 1.70525 0.280609 0.630814 0 0 1
0.09269 1.45941 1.70525 0.318462 0.636383 0 0 1
0.55311 0.896304 1.70525 0.280154 0.714044 0 0 1
0.09269 1.45941 1.70525 0.318462 0.636383 0 0 1
-0.040037 0.898764 1.70525 0.329506 0.713705 0 0 1
0.095449 0.898201 1.70525 0.318233 0.713782 0 0 1
-0.04201 1.46026 1.70525 0.32967 0.636265 0 0 1
-0.040037 0.898764 1.70525 0.329506 0.713705 0 0 1
0.09269 1.45941 1.70525 0.318462 0.636383 0 0 1
-1.73389 0.905788 1.70525 0.470439 0.712736 0 0 1
-0.04201 1.46026 1.70525 0.32967 0.636265 0 0 1
-1.73389 1.47842 1.70525 0.470439 0.63376 0 0 1
-0.040037 0.898764 1.70525 0.329506 0.713705 0 0 1
-0.04201 1.46026 1.70525 0.32967 0.636265 0 0 1
-1.73389 0.905788 1.70525 0.470439 0.712736 0 0 1
0.76155 0.895328 1.70525 0.262811 0.714179 0 0 1
0.56061 0.068478 1.70525 0.27953 0.828215 0 0 1
0.770915 0.068478 1.70525 0.262032 0.828215 0 0 1
0.55311 0.896304 1.70525 0.280154 0.714044 0 0 1
0.56061 0.068478 1.70525 0.27953 0.828215 0 0 1
0.76155 0.895328 1.70525 0.262811 0.714179 0 0 1
0.099215 0.068478 1.70525 0.317919 0.828215 0 0 1
0.55311 0.896304 1.70525 0.280154 0.714044 0 0 1
0.095449 0.898201 1.70525 0.318233 0.713782 0 0 1
0.56061 0.068478 1.70525 0.27953 0.828215 0 0 1
0.55311 0.896304 1.70525 0.280154 0.714044 0 0 1
0.099215 0.068478 1.70525 0.317919 0.828215 0 0 1
-0.037349 0.068478 1.70525 0.329282 0.828215 0 0 1
0.095449 0.898201 1.70525 0.318233 0.713782 0 0 1
-0.040037 0.898764 1.70525 0.329506 0.713705 0 0 1
0.099215 0.068478 1.70525 0.317919 0.828215 0 0 1
0.095449 0.898201 1.70525 0.318233 0.713782 0 0 1
-0.037349 0.068478 1.70525 0.329282 0.828215 0 0 1
-1.73389 0.068478 1.70525 0.470439 0.828215 0 0 1
-0.040037 0.898764 1.70525 0.329506 0.713705 0 0 1
-1.73389 0.905788 1.70525 0.470439 0.712736 0 0 1
-1.40374 0.068478 1.70525 0.442969 0.828215 0 0 1
-0.040037 0.898764 1.70525 0.329506 0.713705 0 0 1
-1.73389 0.068478 1.70525 0.470439 0.828215 0 0 1
-1.2304 0.068478 1.70525 0.428547 0.828215 0 0 1
-0.040037 0.898764 1.70525 0.329506 0.713705 0 0 1
-1.40374 0.068478 1.70525 0.442969 0.828215 0 0 1
-1.11989 0.068478 1.70525 0.419353 0.828215 0 0 1
-0.040037 0.898764 1.70525 0.329506 0.713705 0 0 1
-1.2304 0.068478 1.70525 0.428547 0.828215 0 0 1
-1.11989 0.068478 1.70525 0.419353 0.828215 0 0 1
-0.037349 0.068478 1.70525 0.329282 0.828215 0 0 1
-0.040037 0.898764 1.70525 0.329506 0.713705 0 0 1
0.746661 2.20994 1.70525 0.26405 0.532872 0 0 1
0.547643 1.49979 1.70525 0.280609 0.630814 0 0 1
0.754739 1.49672 1.70525 0.263378 0.631237 0 0 1
0.542075 2.20649 1.70525 0.281072 0.533348 0 0 1
0.547643 1.49979 1.70525 0.280609 0.630814 0 0 1
0.746661 2.20994 1.70525 0.26405 0.532872 0 0 1
0.547643 1.49979 1.70525 0.280609 0.630814 0 0 1
0.089962 2.17997 1.70525 0.318689 0.537005 0 0 1
0.09269 1.45941 1.70525 0.318462 0.636383 0 0 1
0.542075 2.20649 1.70525 0.281072 0.533348 0 0 1
0.089962 2.17997 1.70525 0.318689 0.537005 0 0 1
0.547643 1.49979 1.70525 0.280609 0.630814 0 0 1
0.089962 2.17997 1.70525 0.318689 0.537005 0 0 1
-0.04201 1.46026 1.70525 0.32967 0.636265 0 0 1
0.09269 1.45941 1.70525 0.318462 0.636383 0 0 1
-0.043943 2.17939 1.70525 0.329831 0.537085 0 0 1
-0.04201 1.46026 1.70525 0.32967 0.636265 0 0 1
0.089962 2.17997 1.70525 0.318689 0.537005 0 0 1
-1.73389 2.12578 1.70525 0.470439 0.544479 0 0 1
-0.04201 1.46026 1.70525 0.32967 0.636265 0 0 1
-0.043943 2.17939 1.70525 0.329831 0.537085 0 0 1
-1.73389 1.47842 1.70525 0.470439 0.63376 0 0 1
-0.04201 1.46026 1.70525 0.32967 0.636265 0 0 1
-1.73389 2.12578 1.70525 0.470439 0.544479 0 0 1
-1.73389 2.12578 1.70525 0.937926 0.886956 -1 0 -0
-1.73389 1.50682 0.408674 0.890791 0.985187 -1 0 -0
-1.73389 1.47842 1.70525 0.888839 0.886857 -1 0 -0
-1.73389 2.20485 0.422961 0.94373 0.984205 -1 0 -0
-1.73389 1.50682 0.408674 0.890791 0.985187 -1 0 -0
-1.73389 2.12578 1.70525 0.937926 0.886956 -1 0 -0
3.49144 0.947125 -0.273889 0.371638 0.30033 0.999974 0.000437 -0.007243
3.50677 1.49946 0.569568 0.395554 0.340585 0.999678 0.019115 -0.016701
3.50537 0.944679 0.569568 0.369661 0.340945 0.999998 -0.000163 -0.001825
3.50357 1.50148 -0.273889 0.3978 0.303293 0.999285 0.024524 -0.028791
3.50677 1.49946 0.569568 0.395554 0.340585 0.999678 0.019115 -0.016701
3.49144 0.947125 -0.273889 0.371638 0.30033 0.999974 0.000437 -0.007243
2.21313 0.905636 -0.421729 0.863123 0.203859 0.096092 -0.000593 -0.995372
3.50824 0.083625 -0.273889 0.979402 0.326194 0.113646 0.000368 -0.993521
2.20186 0.058938 -0.421729 0.862111 0.329868 0.09551 0.000309 -0.995428
3.49144 0.947125 -0.273889 0.977894 0.197684 0.114176 -0.000789 -0.99346
3.50824 0.083625 -0.273889 0.979402 0.326194 0.113646 0.000368 -0.993521
2.21313 0.905636 -0.421729 0.863123 0.203859 0.096092 -0.000593 -0.995372
3.50824 0.083625 -0.273889 0.327918 0.297286 0.018882 -0.999822 0.000109
2.19698 0.058938 0.421729 0.257957 0.33158 0.017108 -0.999853 0.001098
2.20186 0.058938 -0.421729 0.259265 0.28726 0.015039 -0.999887 8.7e-05
3.50336 0.083625 0.569568 0.326392 0.340534 0.021787 -0.99976 0.002183
2.19698 0.058938 0.421729 0.257957 0.33158 0.017108 -0.999853 0.001098
3.50824 0.083625 -0.273889 0.327918 0.297286 0.018882 -0.999822 0.000109
3.50336 0.083625 0.569568 0.383952 0.96897 0.021787 -0.99976 0.002183
2.20186 0.057211 1.70525 0.483477 0.88379 0.019706 -0.999803 0.002462
2.19698 0.058938 0.421729 0.482922 0.981121 0.017108 -0.999853 0.001098
3.50824 0.093165 1.85309 0.38449 0.871637 0.022869 -0.999734 0.002955
2.20186 0.057211 1.70525 0.483477 0.88379 0.019706 -0.999803 0.002462
3.50336 0.083625 0.569568 0.383952 0.96897 0.021787 -0.99976 0.002183
3.49803 0.934189 1.85309 0.035128 0.708819 -0.080109 -0.021176 0.996561
2.22428 1.46273 1.76702 0.141108 0.635924 -0.069117 0.001121 0.997608
2.21457 0.910092 1.76722 0.141916 0.712142 -0.076905 -0.02404 0.996749
3.5064 1.49667 1.85309 0.034432 0.631244 -0.066955 0.000868 0.997756
2.22428 1.46273 1.76702 0.141108 0.635924 -0.069117 0.001121 0.997608
3.49803 0.934189 1.85309 0.035128 0.708819 -0.080109 -0.021176 0.996561
3.5064 1.49667 1.85309 0.034432 0.631244 -0.066955 0.000868 0.997756
2.23391 1.88575 1.76744 0.140306 0.577583 -0.068911 0.000679 0.997623
2.22428 1.46273 1.76702 0.141108 0.635924 -0.069117 0.001121 0.997608
3.50848 1.9683 1.85309 0.034259 0.566198 -0.067027 0.000403 0.997751
2.23391 1.88575 1.76744 0.140306 0.577583 -0.068911 0.000679 0.997623
3.5064 1.49667 1.85309 0.034432 0.631244 -0.066955 0.000868 0.997756
2.23391 1.88575 1.76744 0.145308 0.87428 -0.083758 0.996481 0.003167
3.50824 1.97839 0.569568 0.240274 0.967126 -0.069071 0.997605 0.003672
2.23134 1.88514 0.421729 0.142961 0.976303 -0.095775 0.995399 0.002753
3.50848 1.9683 1.85309 0.242282 0.869808 -0.069071 0.997605 0.003672
3.50824 1.97839 0.569568 0.240274 0.967126 -0.069071 0.997605 0.003672
2.23391 1.88575 1.76744 0.145308 0.87428 -0.083758 0.996481 0.003167
2.23134 1.88514 0.421729 0.452976 0.319569 -0.025119 0.995582 -0.090478
3.37458 1.82351 -0.086625 0.412158 0.314313 0.006091 0.994257 -0.106849
2.23134 1.88675 -0.355927 0.447154 0.298666 -0.061879 0.995553 -0.071031
3.50824 1.97839 0.569568 0.41484 0.339685 0.006091 0.994257 -0.106849
3.37458 1.82351 -0.086625 0.412158 0.314313 0.006091 0.994257 -0.106849
2.23134 1.88514 0.421729 0.452976 0.319569 -0.025119 0.995582 -0.090478
3.37458 1.82351 -0.086625 0.967402 0.067257 0.163277 0.342126 -0.92536
2.2251 1.46572 -0.421729 0.864198 0.120504 0.111784 0.113393 -0.987242
2.23134 1.88675 -0.355927 0.864758 0.057845 0.144654 0.319704 -0.93641
3.50357 1.50148 -0.273889 0.978983 0.115183 0.138811 0.154554 -0.978184
2.2251 1.46572 -0.421729 0.864198 0.120504 0.111784 0.113393 -0.987242
3.37458 1.82351 -0.086625 0.967402 0.067257 0.163277 0.342126 -0.92536
2.2251 1.46572 -0.421729 0.864198 0.120504 0.111784 0.113393 -0.987242
3.49144 0.947125 -0.273889 0.977894 0.197684 0.114176 -0.000789 -0.99346
2.21313 0.905636 -0.421729 0.863123 0.203859 0.096092 -0.000593 -0.995372
3.50357 1.50148 -0.273889 0.978983 0.115183 0.138811 0.154554 -0.978184
3.49144 0.947125 -0.273889 0.977894 0.197684 0.114176 -0.000789 -0.99346
2.2251 1.46572 -0.421729 0.864198 0.120504 0.111784 0.113393 -0.987242
0.736134 3.13934 1.70525 0.264926 0.404692 0 0 1
0.905973 2.21263 1.70525 0.250795 0.532501 0 0 1
0.905973 3.1391 1.70525 0.250795 0.404725 0 0 1
0.746661 2.20994 1.70525 0.26405 0.532872 0 0 1
0.905973 2.21263 1.70525 0.250795 0.532501 0 0 1
0.736134 3.13934 1.70525 0.264926 0.404692 0 0 1
0.905973 2.21263 1.70525 0.250795 0.532501 0 0 1
0.754739 1.49672 1.70525 0.263378 0.631237 0 0 1
0.905973 1.49448 1.70525 0.250795 0.631545 0 0 1
0.746661 2.20994 1.70525 0.26405 0.532872 0 0 1
0.754739 1.49672 1.70525 0.263378 0.631237 0 0 1
0.905973 2.21263 1.70525 0.250795 0.532501 0 0 1
0.905973 1.49448 1.70525 0.250795 0.631545 0 0 1
0.76155 0.895328 1.70525 0.262811 0.714179 0 0 1
0.905973 0.894652 1.70525 0.250795 0.714272 0 0 1
0.754739 1.49672 1.70525 0.263378 0.631237 0 0 1
0.76155 0.895328 1.70525 0.262811 0.714179 0 0 1
0.905973 1.49448 1.70525 0.250795 0.631545 0 0 1
0.905973 0.894652 1.70525 0.250795 0.714272 0 0 1
0.770915 0.068478 1.70525 0.262032 0.828215 0 0 1
0.905973 0.068478 1.70525 0.250795 0.828215 0 0 1
0.76155 0.895328 1.70525 0.262811 0.714179 0 0 1
0.770915 0.068478 1.70525 0.262032 0.828215 0 0 1
0.905973 0.894652 1.70525 0.250795 0.714272 0 0 1
1.11416 2.87709 1.70525 0.233473 0.44086 -1e-06 0 1
0.905973 2.21263 1.70525 0.250795 0.532501 0 0 1
1.23073 2.2181 1.70525 0.223774 0.531746 0.049298 0.001557 0.998783
0.905973 3.1391 1.70525 0.250795 0.404725 0 0 1
0.905973 2.21263 1.70525 0.250795 0.532501 0 0 1
1.11416 2.87709 1.70525 0.233473 0.44086 -1e-06 0 1
1.23073 2.2181 1.70525 0.223774 0.531746 0.049298 0.001557 0.998783
0.905973 1.49448 1.70525 0.250795 0.631545 0 0 1
1.27759 1.48878 1.70525 0.219875 0.632332 0.122864 0.004081 0.992415
0.905973 2.21263 1.70525 0.250795 0.532501 0 0 1
0.905973 1.49448 1.70525 0.250795 0.631545 0 0 1
1.23073 2.2181 1.70525 0.223774 0.531746 0.049298 0.001557 0.998783
1.27759 1.48878 1.70525 0.219875 0.632332 0.122864 0.004081 0.992415
0.905973 0.894652 1.70525 0.250795 0.714272 0 0 1
1.30854 0.892701 1.70525 0.2173 0.714541 0.140988 0.000177 0.990011
0.905973 1.49448 1.70525 0.250795 0.631545 0 0 1
0.905973 0.894652 1.70525 0.250795 0.714272 0 0 1
1.27759 1.48878 1.70525 0.219875 0.632332 0.122864 0.004081 0.992415
3.50824 0.093165 1.85309 0.034278 0.82481 -0.088982 -0.036284 0.995372
2.21457 0.910092 1.76722 0.141916 0.712142 -0.076905 -0.02404 0.996749
2.20186 0.057211 1.70525 0.142973 0.829769 -0.080404 -0.040501 0.995939
3.49803 0.934189 1.85309 0.035128 0.708819 -0.080109 -0.021176 0.996561
2.21457 0.910092 1.76722 0.141916 0.712142 -0.076905 -0.02404 0.996749
3.50824 0.093165 1.85309 0.034278 0.82481 -0.088982 -0.036284 0.995372
1.30854 0.892701 1.70525 0.2173 0.714541 0.140988 0.000177 0.990011
0.905973 0.068478 1.70525 0.250795 0.828215 0 0 1
1.35149 0.068478 1.70525 0.213726 0.828215 0.155791 -0.002954 0.987786
0.905973 0.894652 1.70525 0.250795 0.714272 0 0 1
0.905973 0.068478 1.70525 0.250795 0.828215 0 0 1
1.30854 0.892701 1.70525 0.2173 0.714541 0.140988 0.000177 0.990011
3.5064 1.49667 1.85309 0.278049 0.870259 0.999978 -0.006445 0.001618
3.50537 0.944679 0.569568 0.318661 0.968126 0.999998 -0.000163 -0.001825
3.50677 1.49946 0.569568 0.276593 0.96759 0.999678 0.019115 -0.016701
3.49803 0.934189 1.85309 0.320712 0.870805 0.999998 -0.000544 0.00175
3.50537 0.944679 0.569568 0.318661 0.968126 0.999998 -0.000163 -0.001825
3.5064 1.49667 1.85309 0.278049 0.870259 0.999978 -0.006445 0.001618
1.95768 0.058235 1.70525 0.163289 0.829628 -0.193613 -0.04536 0.980029
1.55327 0.901592 1.62204 0.196937 0.713315 -0.04655 -0.014254 0.998814
1.54199 0.05882 1.59373 0.197876 0.829547 -0.039941 -0.028174 0.998805
1.96948 0.904682 1.74794 0.162308 0.712888 -0.196137 -0.026711 0.980213
1.55327 0.901592 1.62204 0.196937 0.713315 -0.04655 -0.014254 0.998814
1.95768 0.058235 1.70525 0.163289 0.829628 -0.193613 -0.04536 0.980029
1.55327 0.901592 1.62204 0.196937 0.713315 -0.04655 -0.014254 0.998814
1.97 1.47133 1.74662 0.162265 0.634738 -0.215533 0.004542 0.976486
1.54854 1.47625 1.62029 0.197331 0.63406 -0.030644 0.007881 0.999499
1.96948 0.904682 1.74794 0.162308 0.712888 -0.196137 -0.026711 0.980213
1.97 1.47133 1.74662 0.162265 0.634738 -0.215533 0.004542 0.976486
1.55327 0.901592 1.62204 0.196937 0.713315 -0.04655 -0.014254 0.998814
1.54854 1.47625 1.62029 0.197331 0.63406 -0.030644 0.007881 0.999499
1.98235 1.83757 1.74586 0.161237 0.584228 -0.213257 0.008365 0.97696
1.56244 1.93212 1.619 0.196175 0.571188 0.069102 0.010187 0.997558
1.97 1.47133 1.74662 0.162265 0.634738 -0.215533 0.004542 0.976486
1.98235 1.83757 1.74586 0.161237 0.584228 -0.213257 0.008365 0.97696
1.54854 1.47625 1.62029 0.197331 0.63406 -0.030644 0.007881 0.999499
1.98169 1.83608 0.422364 0.123669 0.975847 0.044756 0.998997 -0.001041
1.56244 1.93212 1.619 0.093029 0.884426 0.400636 0.916031 -0.019468
1.98235 1.83757 1.74586 0.125858 0.875511 -0.040117 0.999195 -0.000866
1.56287 1.93013 0.447728 0.091166 0.973215 0.407873 0.912815 -0.020207
1.56244 1.93212 1.619 0.093029 0.884426 0.400636 0.916031 -0.019468
1.98169 1.83608 0.422364 0.123669 0.975847 0.044756 0.998997 -0.001041
3.50537 0.944679 0.569568 0.369661 0.340945 0.999998 -0.000163 -0.001825
3.50824 0.083625 -0.273889 0.327918 0.297286 0.999949 0.008579 -0.005348
3.49144 0.947125 -0.273889 0.371638 0.30033 0.999974 0.000437 -0.007243
3.50336 0.083625 0.569568 0.326392 0.340534 0.999979 0.006326 -0.001565
3.50824 0.083625 -0.273889 0.327918 0.297286 0.999949 0.008579 -0.005348
3.50537 0.944679 0.569568 0.369661 0.340945 0.999998 -0.000163 -0.001825
3.50824 0.093165 1.85309 0.38449 0.871637 0.999988 0.004823 0.000958
3.50537 0.944679 0.569568 0.318661 0.968126 0.999998 -0.000163 -0.001825
3.49803 0.934189 1.85309 0.320712 0.870805 0.999998 -0.000544 0.00175
3.50336 0.083625 0.569568 0.383952 0.96897 0.999979 0.006326 -0.001565
3.50537 0.944679 0.569568 0.318661 0.968126 0.999998 -0.000163 -0.001825
3.50824 0.093165 1.85309 0.38449 0.871637 0.999988 0.004823 0.000958
3.50848 1.9683 1.85309 0.242282 0.869808 0.999993 -0.003733 3.8e-05
3.50677 1.49946 0.569568 0.276593 0.96759 0.999678 0.019115 -0.016701
3.50824 1.97839 0.569568 0.240274 0.967126 0.997885 0.055179 -0.03435
3.5064 1.49667 1.85309 0.278049 0.870259 0.999978 -0.006445 0.001618
3.50677 1.49946 0.569568 0.276593 0.96759 0.999678 0.019115 -0.016701
3.50848 1.9683 1.85309 0.242282 0.869808 0.999993 -0.003733 3.8e-05
3.37458 1.82351 -0.086625 0.412158 0.314313 0.977608 0.180814 -0.107651
3.50677 1.49946 0.569568 0.395554 0.340585 0.999678 0.019115 -0.016701
3.50357 1.50148 -0.273889 0.3978 0.303293 0.999285 0.024524 -0.028791
3.50824 1.97839 0.569568 0.41484 0.339685 0.997885 0.055179 -0.03435
3.50677 1.49946 0.569568 0.395554 0.340585 0.999678 0.019115 -0.016701
3.37458 1.82351 -0.086625 0.412158 0.314313 0.977608 0.180814 -0.107651
1.56219 1.92946 -0.263615 0.804679 0.05149 0.114674 0.059104 -0.991643
0.929973 1.52445 -0.421729 0.747917 0.111764 0.157321 0.047891 -0.986386
0.905973 2.23099 -0.421729 0.745762 0.00661498 0.188735 0.032756 -0.981482
1.54768 1.47477 -0.306839 0.803377 0.119158 0.041063 0.065795 -0.996988
0.929973 1.52445 -0.421729 0.747917 0.111764 0.157321 0.047891 -0.986386
1.56219 1.92946 -0.263615 0.804679 0.05149 0.114674 0.059104 -0.991643
1.54768 1.47477 -0.306839 0.803377 0.119158 0.041063 0.065795 -0.996988
0.950374 0.923849 -0.421729 0.749749 0.201148 0.129137 0.066931 -0.989365
0.929973 1.52445 -0.421729 0.747917 0.111764 0.157321 0.047891 -0.986386
1.41541 0.908124 -0.421729 0.791501 0.203489 0.277685 0.067544 -0.958295
1.54768 1.47477 -0.306839 0.803377 0.119158 0.041063 0.065795 -0.996988
1.55377 0.906766 -0.339828 0.803923 0.203691 0.005337 0.030723 -0.999514
1.41541 0.908124 -0.421729 0.791501 0.203489 0.277685 0.067544 -0.958295
0.950374 0.923849 -0.421729 0.749749 0.201148 0.129137 0.066931 -0.989365
1.54768 1.47477 -0.306839 0.803377 0.119158 0.041063 0.065795 -0.996988
1.55377 0.906766 -0.339828 0.803923 0.203691 0.005337 0.030723 -0.999514
1.46178 0.058938 -0.421729 0.795665 0.329868 0.668856 -0.000753 -0.743392
1.41541 0.908124 -0.421729 0.791501 0.203489 0.277685 0.067544 -0.958295
1.54215 0.058938 -0.306839 0.80288 0.329868 -0.002068 -0.013088 -0.999912
1.46178 0.058938 -0.421729 0.795665 0.329868 0.668856 -0.000753 -0.743392
1.55377 0.906766 -0.339828 0.803923 0.203691 0.005337 0.030723 -0.999514
1.54215 0.058938 -0.306839 0.224019 0.292783 0 -1 -0
1.43059 0.058938 0.421729 0.217471 0.330309 0 -1 -0
1.46178 0.058938 -0.421729 0.219881 0.286884 0 -1 -0
1.54364 0.058938 0.446836 0.223337 0.331876 0 -1 -0
1.43059 0.058938 0.421729 0.217471 0.330309 0 -1 -0
1.54215 0.058938 -0.306839 0.224019 0.292783 0 -1 -0
1.54199 0.05882 1.59373 0.533429 0.892722 -0.009556 -0.999954 0.000595
1.43059 0.058938 0.421729 0.541037 0.981673 -0.004255 -0.999968 0.006803
1.54364 0.058938 0.446836 0.532482 0.97969 -0.010248 -0.999947 0.000667
1.35149 0.068478 1.70525 0.547972 0.884399 -0.00203 -0.999973 0.007132
1.43059 0.058938 0.421729 0.541037 0.981673 -0.004255 -0.999968 0.006803
1.54199 0.05882 1.59373 0.533429 0.892722 -0.009556 -0.999954 0.000595
1.55327 0.901592 1.62204 0.196937 0.713315 -0.04655 -0.014254 0.998814
1.35149 0.068478 1.70525 0.213726 0.828215 0.155791 -0.002954 0.987786
1.54199 0.05882 1.59373 0.197876 0.829547 -0.039941 -0.028174 0.998805
1.30854 0.892701 1.70525 0.2173 0.714541 0.140988 0.000177 0.990011
1.35149 0.068478 1.70525 0.213726 0.828215 0.155791 -0.002954 0.987786
1.55327 0.901592 1.62204 0.196937 0.713315 -0.04655 -0.014254 0.998814
1.30854 0.892701 1.70525 0.2173 0.714541 0.140988 0.000177 0.990011
1.54854 1.47625 1.62029 0.197331 0.63406 -0.030644 0.007881 0.999499
1.27759 1.48878 1.70525 0.219875 0.632332 0.122864 0.004081 0.992415
1.55327 0.901592 1.62204 0.196937 0.713315 -0.04655 -0.014254 0.998814
1.54854 1.47625 1.62029 0.197331 0.63406 -0.030644 0.007881 0.999499
1.30854 0.892701 1.70525 0.2173 0.714541 0.140988 0.000177 0.990011
1.27759 1.48878 1.70525 0.219875 0.632332 0.122864 0.004081 0.992415
1.56244 1.93212 1.619 0.196175 0.571188 0.069102 0.010187 0.997558
1.23073 2.2181 1.70525 0.223774 0.531746 0.049298 0.001557 0.998783
1.54854 1.47625 1.62029 0.197331 0.63406 -0.030644 0.007881 0.999499
1.56244 1.93212 1.619 0.196175 0.571188 0.069102 0.010187 0.997558
1.27759 1.48878 1.70525 0.219875 0.632332 0.122864 0.004081 0.992415
1.10256 2.19769 0.424379 0.050763 0.974085 0.57048 0.820468 -0.037212
1.56244 1.93212 1.619 0.093029 0.884426 0.400636 0.916031 -0.019468
1.56287 1.93013 0.447728 0.091166 0.973215 0.407873 0.912815 -0.020207
1.23073 2.2181 1.70525 0.060033 0.876917 0.57048 0.820468 -0.037212
1.56244 1.93212 1.619 0.093029 0.884426 0.400636 0.916031 -0.019468
1.10256 2.19769 0.424379 0.050763 0.974085 0.57048 0.820468 -0.037212
0.905973 2.23099 0.430421 0.468692 0.304614 0.237227 0.971 -0.029701
1.56219 1.92946 -0.263615 0.463419 0.302045 0.344968 0.938368 -0.021489
0.905973 2.23099 -0.421729 0.468692 0.304614 0.113953 0.993135 -0.026423
1.10256 2.19769 0.424379 0.4683 0.305594 0.417515 0.908041 -0.03379
1.56219 1.92946 -0.263615 0.463419 0.302045 0.344968 0.938368 -0.021489
0.905973 2.23099 0.430421 0.468692 0.304614 0.237227 0.971 -0.029701
1.56287 1.93013 0.447728 0.46565 0.31082 0.349098 0.936824 -0.022183
1.56219 1.92946 -0.263615 0.463419 0.302045 0.344968 0.938368 -0.021489
1.10256 2.19769 0.424379 0.4683 0.305594 0.417515 0.908041 -0.03379
1.98169 1.83608 0.422364 0.458787 0.315949 0.075128 0.997174 8.3e-05
2.23134 1.88675 -0.355927 0.447154 0.298666 -0.061879 0.995553 -0.071031
1.98126 1.83624 -0.367021 0.454089 0.298617 0.003739 0.999993 0.00037
2.23134 1.88514 0.421729 0.452976 0.319569 -0.025119 0.995582 -0.090478
2.23134 1.88675 -0.355927 0.447154 0.298666 -0.061879 0.995553 -0.071031
1.98169 1.83608 0.422364 0.458787 0.315949 0.075128 0.997174 8.3e-05
2.23134 1.88514 0.421729 0.142961 0.976303 -0.095775 0.995399 0.002753
1.98235 1.83757 1.74586 0.125858 0.875511 -0.040117 0.999195 -0.000866
2.23391 1.88575 1.76744 0.145308 0.87428 -0.083758 0.996481 0.003167
1.98169 1.83608 0.422364 0.123669 0.975847 0.044756 0.998997 -0.001041
1.98235 1.83757 1.74586 0.125858 0.875511 -0.040117 0.999195 -0.000866
2.23134 1.88514 0.421729 0.142961 0.976303 -0.095775 0.995399 0.002753
2.22428 1.46273 1.76702 0.141108 0.635924 -0.069117 0.001121 0.997608
1.98235 1.83757 1.74586 0.161237 0.584228 -0.213257 0.008365 0.97696
1.97 1.47133 1.74662 0.162265 0.634738 -0.215533 0.004542 0.976486
2.23391 1.88575 1.76744 0.140306 0.577583 -0.068911 0.000679 0.997623
1.98235 1.83757 1.74586 0.161237 0.584228 -0.213257 0.008365 0.97696
2.22428 1.46273 1.76702 0.141108 0.635924 -0.069117 0.001121 0.997608
2.21457 0.910092 1.76722 0.141916 0.712142 -0.076905 -0.02404 0.996749
1.97 1.47133 1.74662 0.162265 0.634738 -0.215533 0.004542 0.976486
1.96948 0.904682 1.74794 0.162308 0.712888 -0.196137 -0.026711 0.980213
2.22428 1.46273 1.76702 0.141108 0.635924 -0.069117 0.001121 0.997608
1.97 1.47133 1.74662 0.162265 0.634738 -0.215533 0.004542 0.976486
2.21457 0.910092 1.76722 0.141916 0.712142 -0.076905 -0.02404 0.996749
2.20186 0.057211 1.70525 0.142973 0.829769 -0.080404 -0.040501 0.995939
1.96948 0.904682 1.74794 0.162308 0.712888 -0.196137 -0.026711 0.980213
1.95768 0.058235 1.70525 0.163289 0.829628 -0.193613 -0.04536 0.980029
2.21457 0.910092 1.76722 0.141916 0.712142 -0.076905 -0.02404 0.996749
1.96948 0.904682 1.74794 0.162308 0.712888 -0.196137 -0.026711 0.980213
2.20186 0.057211 1.70525 0.142973 0.829769 -0.080404 -0.040501 0.995939
1.95768 0.058235 1.70525 0.501992 0.883967 -0.001492 -0.999999 -0.000681
2.19698 0.058938 0.421729 0.482922 0.981121 0.017108 -0.999853 0.001098
2.20186 0.057211 1.70525 0.483477 0.88379 0.019706 -0.999803 0.002462
1.95695 0.058938 0.421729 0.501123 0.981295 -0.001281 -0.999999 -0.000593
2.19698 0.058938 0.421729 0.482922 0.981121 0.017108 -0.999853 0.001098
1.95768 0.058235 1.70525 0.501992 0.883967 -0.001492 -0.999999 -0.000681
1.95778 0.058938 -0.421729 0.246216 0.28698 0 -1 -0
2.19698 0.058938 0.421729 0.257957 0.33158 0.017108 -0.999853 0.001098
1.95695 0.058938 0.421729 0.24519 0.331284 0 -1 -0
2.20186 0.058938 -0.421729 0.259265 0.28726 0.015039 -0.999887 8.7e-05
2.19698 0.058938 0.421729 0.257957 0.33158 0.017108 -0.999853 0.001098
1.95778 0.058938 -0.421729 0.246216 0.28698 0 -1 -0
1.96927 0.906356 -0.421729 0.841229 0.203752 -0.146645 0.000986 -0.989189
2.20186 0.058938 -0.421729 0.862111 0.329868 0.09551 0.000309 -0.995428
1.95778 0.058938 -0.421729 0.840197 0.329868 -0.1481 -0.010153 -0.98892
2.21313 0.905636 -0.421729 0.863123 0.203859 0.096092 -0.000593 -0.995372
2.20186 0.058938 -0.421729 0.862111 0.329868 0.09551 0.000309 -0.995428
1.96927 0.906356 -0.421729 0.841229 0.203752 -0.146645 0.000986 -0.989189
2.2251 1.46572 -0.421729 0.864198 0.120504 0.111784 0.113393 -0.987242
1.96927 0.906356 -0.421729 0.841229 0.203752 -0.146645 0.000986 -0.989189
1.96975 1.47148 -0.421729 0.841272 0.119648 -0.143724 0.06397 -0.987548
2.21313 0.905636 -0.421729 0.863123 0.203859 0.096092 -0.000593 -0.995372
1.96927 0.906356 -0.421729 0.841229 0.203752 -0.146645 0.000986 -0.989189
2.2251 1.46572 -0.421729 0.864198 0.120504 0.111784 0.113393 -0.987242
1.98126 1.83624 -0.367021 0.842304 0.065363 -0.15307 0.133496 -0.979157
2.2251 1.46572 -0.421729 0.864198 0.120504 0.111784 0.113393 -0.987242
1.96975 1.47148 -0.421729 0.841272 0.119648 -0.143724 0.06397 -0.987548
2.23134 1.88675 -0.355927 0.864758 0.057845 0.144654 0.319704 -0.93641
2.2251 1.46572 -0.421729 0.864198 0.120504 0.111784 0.113393 -0.987242
1.98126 1.83624 -0.367021 0.842304 0.065363 -0.15307 0.133496 -0.979157
