Vertex Count: 234

Data:

-0.998678 -0.386131 -0.622387 0.565074 0.547746 -0.999994 -0.00344 -0
-0.999994 -0.00344 -0.769313 0.418128 0.5 -0.999994 -0.00344 -0
-0.999302 -0.204633 -0.73166 0.495382 0.512236 -0.999994 -0.00344 -0
-0.998678 -0.386131 -0.622387 0.565074 0.547746 -0.999994 -0.00344 -0
-1.00069 0.197753 -0.73166 0.340873 0.512236 -0.999994 -0.00344 -0
-0.999994 -0.00344 -0.769313 0.418128 0.5 -0.999994 -0.00344 -0
-0.998678 -0.386131 -0.622387 0.565074 0.547746 -0.999994 -0.00344 -0
-1.00131 0.379251 -0.622387 0.271181 0.547746 -0.999994 -0.00344 -0
-1.00069 0.197753 -0.73166 0.340873 0.512236 -0.999994 -0.00344 -0
-0.998182 -0.530169 -0.45219 0.620382 0.603054 -0.999994 -0.00344 -0
-1.00131 0.379251 -0.622387 0.271181 0.547746 -0.999994 -0.00344 -0
-0.998678 -0.386131 -0.622387 0.565074 0.547746 -0.999994 -0.00344 -0
-0.998182 -0.530169 -0.45219 0.620382 0.603054 -0.999994 -0.00344 -0
-1.00181 0.52329 -0.45219 0.215873 0.603054 -0.999994 -0.00344 -0
-1.00131 0.379251 -0.622387 0.271181 0.547746 -0.999994 -0.00344 -0
-0.997864 -0.622648 -0.237731 0.655892 0.672746 -0.999994 -0.00344 -0
-1.00181 0.52329 -0.45219 0.215873 0.603054 -0.999994 -0.00344 -0
-0.998182 -0.530169 -0.45219 0.620382 0.603054 -0.999994 -0.00344 -0
-0.997864 -0.622648 -0.237731 0.655892 0.672746 -0.999994 -0.00344 -0
-1.00212 0.615768 -0.237731 0.180363 0.672746 -0.999994 -0.00344 -0
-1.00181 0.52329 -0.45219 0.215873 0.603054 -0.999994 -0.00344 -0
-0.997755 -0.654513 -0 0.668128 0.75 -0.999994 -0.00344 -0
-1.00212 0.615768 -0.237731 0.180363 0.672746 -0.999994 -0.00344 -0
-0.997864 -0.622648 -0.237731 0.655892 0.672746 -0.999994 -0.00344 -0
-0.997755 -0.654513 -0 0.668128 0.75 -0.999994 -0.00344 -0
-1.00223 0.647634 -0 0.168127 0.75 -0.999994 -0.00344 -0
-1.00212 0.615768 -0.237731 0.180363 0.672746 -0.999994 -0.00344 -0
-0.997864 -0.622648 0.237731 0.655892 0.827254 -0.999994 -0.00344 -0
-1.00223 0.647634 -0 0.168127 0.75 -0.999994 -0.00344 -0
-0.997755 -0.654513 -0 0.668128 0.75 -0.999994 -0.00344 -0
-0.997864 -0.622648 0.237731 0.655892 0.827254 -0.999994 -0.00344 -0
-1.00212 0.615768 0.237731 0.180363 0.827254 -0.999994 -0.00344 -0
-1.00223 0.647634 -0 0.168127 0.75 -0.999994 -0.00344 -0
-0.998182 -0.53017 0.452191 0.620382 0.896946 -0.999994 -0.00344 -0
-1.00212 0.615768 0.237731 0.180363 0.827254 -0.999994 -0.00344 -0
-0.997864 -0.622648 0.237731 0.655892 0.827254 -0.999994 -0.00344 -0
-0.998182 -0.53017 0.452191 0.620382 0.896946 -0.999994 -0.00344 -0
-1.00181 0.52329 0.45219 0.215873 0.896946 -0.999994 -0.00344 -0
-1.00212 0.615768 0.237731 0.180363 0.827254 -0.999994 -0.00344 -0
-0.998182 -0.53017 0.452191 0.620382 0.896946 -0.999994 -0.00344 -0
-1.00131 0.379251 0.622387 0.271181 0.952254 -0.999994 -0.00344 -0
-1.00181 0.52329 0.45219 0.215873 0.896946 -0.999994 -0.00344 -0
-0.998678 -0.386132 0.622387 0.565074 0.952254 -0.999994 -0.00344 -0
-1.00131 0.379251 0.622387 0.271181 0.952254 -0.999994 -0.00344 -0
-0.998182 -0.53017 0.452191 0.620382 0.896946 -0.999994 -0.00344 -0
-0.998678 -0.386132 0.622387 0.565074 0.952254 -0.999994 -0.00344 -0
-1.00069 0.197753 0.73166 0.340873 0.987764 -0.999994 -0.00344 -0
-1.00131 0.379251 0.622387 0.271181 0.952254 -0.999994 -0.00344 -0
-0.998678 -0.386132 0.622387 0.565074 0.952254 -0.999994 -0.00344 -0
-0.999994 -0.00344 0.769313 0.418128 1 -0.999994 -0.00344 -0
-1.00069 0.197753 0.73166 0.340873 0.987764 -0.999994 -0.00344 -0
-0.998678 -0.386132 0.622387 0.565074 0.952254 -0.999994 -0.00344 -0
-0.999302 -0.204633 0.73166 0.495382 0.987764 -0.999994 -0.00344 -0
-0.999994 -0.00344 0.769313 0.418128 1 -0.999994 -0.00344 -0
0.999994 0.00344 -0 0.180626 0.321766 0.999994 0.00344 1e-06
-0.043334 -0.151827 0.130212 0.184226 0.37309 0.344001 -0.862038 0.37223
-0.042495 -0.178223 0.068368 0.177032 0.373023 0.317629 -0.870541 0.375859
0.999994 0.00344 -0 0.180626 0.321766 0.999994 0.00344 1e-06
-0.07703 -0.11689 0.18967 0.191982 0.375017 0.390548 -0.689389 0.610095
-0.043334 -0.151827 0.130212 0.184226 0.37309 0.288261 -0.745244 0.601263
-0.11951 -0.06598 0.238447 0.200596 0.376466 0.413165 -0.441925 0.796239
-0.07703 -0.11689 0.18967 0.191982 0.375017 0.293602 -0.522173 0.800708
0.999994 0.00344 -0 0.180626 0.321766 0.999994 0.00344 1e-06
-0.11951 -0.06598 0.238447 0.200596 0.376466 0.413165 -0.441925 0.796239
-0.998678 -0.386132 0.622387 0.217889 0.496505 0.44902 -0.524189 0.723607
-0.07703 -0.11689 0.18967 0.191982 0.375017 0.293602 -0.522173 0.800708
-0.11951 -0.06598 0.238447 0.200596 0.376466 0.413165 -0.441925 0.796239
-0.999302 -0.204633 0.73166 0.241903 0.489609 0.448162 -0.274853 0.850651
-0.998678 -0.386132 0.622387 0.217889 0.496505 0.44902 -0.524189 0.723607
0.999994 0.00344 -0 0.180626 0.321766 0.999994 0.00344 1e-06
-0.080126 -0.000276 0.235481 0.206371 0.370015 0.309267 -0.142948 0.94017
-0.11951 -0.06598 0.238447 0.200596 0.376466 0.4181 -0.193301 0.887596
0.999994 0.00344 -0 0.180626 0.321766 0.999994 0.00344 1e-06
-0.055083 0.058855 0.21472 0.211527 0.364131 0.318606 0.19104 0.928436
-0.080126 -0.000276 0.235481 0.206371 0.370015 0.407179 0.155781 0.899965
0.999994 0.00344 -0 0.788516 0.276899 0.999994 0.00344 1e-06
-0.043648 0.109938 0.179039 0.768391 0.341077 0.324151 0.491881 0.808071
-0.055083 0.058855 0.21472 0.760649 0.342372 0.381348 0.475125 0.792988
0.999994 0.00344 -0 0.788516 0.276899 0.999994 0.00344 1e-06
-0.045408 0.151793 0.130445 0.777676 0.344016 0.327525 0.721734 0.609776
-0.043648 0.109938 0.179039 0.768391 0.341077 0.349766 0.715586 0.60465
0.999994 0.00344 -0 0.788516 0.276899 0.999994 0.00344 1e-06
-0.06042 0.183033 0.07035 0.787336 0.347161 0.33168 0.868404 0.368595
-0.045408 0.151793 0.130445 0.777676 0.344016 0.321323 0.868103 0.378352
0.999994 0.00344 -0 0.788516 0.276899 0.999994 0.00344 1e-06
-0.089184 0.201707 -0 0.797846 0.350506 0.35206 0.928921 0.114713
-0.06042 0.183033 0.07035 0.787336 0.347161 0.27852 0.950407 0.138398
0.999994 0.00344 -0 0.788516 0.276899 0.999994 0.00344 1e-06
-0.132444 0.205061 -0.078903 0.809701 0.353903 0.363466 0.920417 -0.143963
-0.089184 0.201707 -0 0.797846 0.350506 0.265299 0.958463 -0.104714
0.999994 0.00344 -0 0.788516 0.276899 0.999994 0.00344 1e-06
0.071098 0.121537 -0.104127 0.81074 0.327981 0.211734 0.71666 -0.664505
-0.132444 0.205061 -0.078903 0.809701 0.353903 0.379207 0.911697 -0.158149
0.999994 0.00344 -0 0.788516 0.276899 0.999994 0.00344 1e-06
0.134968 0.076397 -0.123491 0.813785 0.317951 0.249028 0.657432 -0.711174
0.071098 0.121537 -0.104127 0.81074 0.327981 0.39672 0.748948 -0.530745
0.999994 0.00344 -0 0.788516 0.276899 0.999994 0.00344 1e-06
0.134818 0.040411 -0.145273 0.819414 0.314133 0.371163 0.479881 -0.794954
0.134968 0.076397 -0.123491 0.813785 0.317951 0.341099 0.485723 -0.804814
0.999994 0.00344 -0 0.788516 0.276899 0.999994 0.00344 1e-06
0.07044 0.000242 -0.177565 0.830206 0.314789 0.435827 0.067875 -0.897468
0.134818 0.040411 -0.145273 0.819414 0.314133 0.25312 0.326448 -0.910693
0.999994 0.00344 -0 0.530625 0.321756 0.999994 0.00344 1e-06
-0.134998 -0.067592 -0.244115 0.534796 0.381226 0.424926 -0.437956 -0.792233
0.07044 0.000242 -0.177565 0.527741 0.362896 0.222366 0.250856 -0.942138
0.999994 0.00344 -0 0.530625 0.321756 0.999994 0.00344 1e-06
-0.053666 -0.112336 -0.182394 0.541542 0.372969 0.264605 -0.580875 -0.769785
-0.134998 -0.067592 -0.244115 0.534796 0.381226 0.433643 -0.386033 -0.814207
0.999994 0.00344 -0 0.530625 0.321756 0.999994 0.00344 1e-06
-0.009984 -0.142921 -0.122665 0.547248 0.367287 0.275808 -0.758683 -0.590195
-0.053666 -0.112336 -0.182394 0.541542 0.372969 0.398887 -0.677688 -0.61776
0.999994 0.00344 -0 0.530625 0.321756 0.999994 0.00344 1e-06
0.00528 -0.163251 -0.062683 0.552801 0.363323 0.297769 -0.878523 -0.373538
-0.009984 -0.142921 -0.122665 0.547248 0.367287 0.360178 -0.854716 -0.373808
0.999994 0.00344 -0 0.530625 0.321756 0.999994 0.00344 1e-06
-0.004896 -0.175014 -0 0.558924 0.360559 0.344153 -0.930724 -0.12374
0.00528 -0.163251 -0.062683 0.552801 0.363323 0.30267 -0.944448 -0.128098
0.999994 0.00344 -0 0.530625 0.321756 0.999994 0.00344 1e-06
-0.042495 -0.178223 0.068368 0.566403 0.358641 0.368544 -0.918488 0.143372
-0.004896 -0.175014 -0 0.558924 0.360559 0.270629 -0.957059 0.103915
-0.11951 -0.06598 0.238447 0.200596 0.376466 0.4181 -0.193301 0.887596
-0.999994 -0.00344 0.769313 0.264736 0.479396 0.447211 0.001538 0.894427
-0.999302 -0.204633 0.73166 0.241903 0.489609 0.448162 -0.274853 0.850651
-0.080126 -0.000276 0.235481 0.206371 0.370015 0.309267 -0.142948 0.94017
-0.999994 -0.00344 0.769313 0.264736 0.479396 0.447211 0.001538 0.894427
-0.11951 -0.06598 0.238447 0.200596 0.376466 0.4181 -0.193301 0.887596
-0.080126 -0.000276 0.235481 0.206371 0.370015 0.407179 0.155781 0.899965
-1.00069 0.197753 0.73166 0.28592 0.466125 0.446261 0.27793 0.850651
-0.999994 -0.00344 0.769313 0.264736 0.479396 0.447211 0.001538 0.894427
-0.055083 0.058855 0.21472 0.211527 0.364131 0.318606 0.19104 0.928436
-1.00069 0.197753 0.73166 0.28592 0.466125 0.446261 0.27793 0.850651
-0.080126 -0.000276 0.235481 0.206371 0.370015 0.407179 0.155781 0.899965
-0.055083 0.058855 0.21472 0.760649 0.342372 0.381348 0.475125 0.792988
-1.00131 0.379251 0.622387 0.718558 0.5 0.445403 0.527266 0.723607
-1.00069 0.197753 0.73166 0.693558 0.5 0.446261 0.27793 0.850651
-0.043648 0.109938 0.179039 0.768391 0.341077 0.324151 0.491881 0.808071
-1.00131 0.379251 0.622387 0.718558 0.5 0.445403 0.527266 0.723607
-0.055083 0.058855 0.21472 0.760649 0.342372 0.381348 0.475125 0.792988
-0.043648 0.109938 0.179039 0.768391 0.341077 0.349766 0.715586 0.60465
-1.00181 0.52329 0.45219 0.75094 0.509562 0.444722 0.725141 0.525731
-1.00131 0.379251 0.622387 0.718558 0.5 0.445403 0.527266 0.723607
-0.045408 0.151793 0.130445 0.777676 0.344016 0.327525 0.721734 0.609776
-1.00181 0.52329 0.45219 0.75094 0.509562 0.444722 0.725141 0.525731
-0.043648 0.109938 0.179039 0.768391 0.341077 0.349766 0.715586 0.60465
-0.045408 0.151793 0.130445 0.777676 0.344016 0.321323 0.868103 0.378352
-1.00212 0.615768 0.237731 0.784529 0.51433 0.444285 0.852184 0.276393
-1.00181 0.52329 0.45219 0.75094 0.509562 0.444722 0.725141 0.525731
-0.06042 0.183033 0.07035 0.787336 0.347161 0.33168 0.868404 0.368595
-1.00212 0.615768 0.237731 0.784529 0.51433 0.444285 0.852184 0.276393
-0.045408 0.151793 0.130445 0.777676 0.344016 0.321323 0.868103 0.378352
-1.00212 0.615768 0.237731 0.784529 0.51433 0.444285 0.852184 0.276393
-0.089184 0.201707 -0 0.797846 0.350506 0.35206 0.928921 0.114713
-1.00223 0.647634 -0 0.818587 0.514131 0.444135 0.89596 -0
-0.06042 0.183033 0.07035 0.787336 0.347161 0.27852 0.950407 0.138398
-0.089184 0.201707 -0 0.797846 0.350506 0.35206 0.928921 0.114713
-1.00212 0.615768 0.237731 0.784529 0.51433 0.444285 0.852184 0.276393
-1.00223 0.647634 -0 0.818587 0.514131 0.444135 0.89596 -0
-0.132444 0.205061 -0.078903 0.809701 0.353903 0.363466 0.920417 -0.143963
-1.00212 0.615768 -0.237731 0.852346 0.508909 0.444285 0.852184 -0.276393
-0.089184 0.201707 -0 0.797846 0.350506 0.265299 0.958463 -0.104714
-0.132444 0.205061 -0.078903 0.809701 0.353903 0.363466 0.920417 -0.143963
-1.00223 0.647634 -0 0.818587 0.514131 0.444135 0.89596 -0
-0.132444 0.205061 -0.078903 0.809701 0.353903 0.379207 0.911697 -0.158149
-1.00181 0.52329 -0.45219 0.88503 0.498734 0.444722 0.725141 -0.525731
-1.00212 0.615768 -0.237731 0.852346 0.508909 0.444285 0.852184 -0.276393
0.071098 0.121537 -0.104127 0.81074 0.327981 0.211734 0.71666 -0.664505
-1.00181 0.52329 -0.45219 0.88503 0.498734 0.444722 0.725141 -0.525731
-0.132444 0.205061 -0.078903 0.809701 0.353903 0.379207 0.911697 -0.158149
0.071098 0.121537 -0.104127 0.81074 0.327981 0.39672 0.748948 -0.530745
-1.00131 0.379251 -0.622387 0.915871 0.4838 0.445403 0.527266 -0.723607
-1.00181 0.52329 -0.45219 0.88503 0.498734 0.444722 0.725141 -0.525731
0.134968 0.076397 -0.123491 0.813785 0.317951 0.249028 0.657432 -0.711174
-1.00131 0.379251 -0.622387 0.915871 0.4838 0.445403 0.527266 -0.723607
0.071098 0.121537 -0.104127 0.81074 0.327981 0.39672 0.748948 -0.530745
-1.00131 0.379251 -0.622387 0.915871 0.4838 0.445403 0.527266 -0.723607
0.134818 0.040411 -0.145273 0.819414 0.314133 0.371163 0.479881 -0.794954
-1.00069 0.197753 -0.73166 0.944135 0.464428 0.446261 0.27793 -0.850651
0.134968 0.076397 -0.123491 0.813785 0.317951 0.341099 0.485723 -0.804814
0.134818 0.040411 -0.145273 0.819414 0.314133 0.371163 0.479881 -0.794954
-1.00131 0.379251 -0.622387 0.915871 0.4838 0.445403 0.527266 -0.723607
-1.00069 0.197753 -0.73166 0.944135 0.464428 0.446261 0.27793 -0.850651
0.07044 0.000242 -0.177565 0.830206 0.314789 0.435827 0.067875 -0.897468
-0.999994 -0.00344 -0.769313 0.969141 0.441059 0.447211 0.001538 -0.894427
0.134818 0.040411 -0.145273 0.819414 0.314133 0.25312 0.326448 -0.910693
0.07044 0.000242 -0.177565 0.830206 0.314789 0.435827 0.067875 -0.897468
-1.00069 0.197753 -0.73166 0.944135 0.464428 0.446261 0.27793 -0.850651
-0.999994 -0.00344 -0.769313 0.518128 0.5 0.447211 0.001538 -0.894427
-0.134998 -0.067592 -0.244115 0.534796 0.381226 0.424926 -0.437956 -0.792233
-0.999302 -0.204633 -0.73166 0.543127 0.5 0.448162 -0.274853 -0.850651
0.07044 0.000242 -0.177565 0.527741 0.362896 0.222366 0.250856 -0.942138
-0.134998 -0.067592 -0.244115 0.534796 0.381226 0.424926 -0.437956 -0.792233
-0.999994 -0.00344 -0.769313 0.518128 0.5 0.447211 0.001538 -0.894427
-0.134998 -0.067592 -0.244115 0.534796 0.381226 0.433643 -0.386033 -0.814207
-0.998678 -0.386131 -0.622387 0.567879 0.496512 0.44902 -0.524189 -0.723607
-0.999302 -0.204633 -0.73166 0.543127 0.5 0.448162 -0.274853 -0.850651
-0.053666 -0.112336 -0.182394 0.541542 0.372969 0.264605 -0.580875 -0.769785
-0.998678 -0.386131 -0.622387 0.567879 0.496512 0.44902 -0.524189 -0.723607
-0.134998 -0.067592 -0.244115 0.534796 0.381226 0.433643 -0.386033 -0.814207
-0.053666 -0.112336 -0.182394 0.541542 0.372969 0.398887 -0.677688 -0.61776
-0.998182 -0.530169 -0.45219 0.591905 0.489601 0.4497 -0.722064 -0.525731
-0.998678 -0.386131 -0.622387 0.567879 0.496512 0.44902 -0.524189 -0.723607
-0.009984 -0.142921 -0.122665 0.547248 0.367287 0.275808 -0.758683 -0.590195
-0.998182 -0.530169 -0.45219 0.591905 0.489601 0.4497 -0.722064 -0.525731
-0.053666 -0.112336 -0.182394 0.541542 0.372969 0.398887 -0.677688 -0.61776
-0.009984 -0.142921 -0.122665 0.547248 0.367287 0.360178 -0.854716 -0.373808
-0.997864 -0.622648 -0.237731 0.61473 0.479404 0.450137 -0.849108 -0.276393
-0.998182 -0.530169 -0.45219 0.591905 0.489601 0.4497 -0.722064 -0.525731
0.00528 -0.163251 -0.062683 0.552801 0.363323 0.297769 -0.878523 -0.373538
-0.997864 -0.622648 -0.237731 0.61473 0.479404 0.450137 -0.849108 -0.276393
-0.009984 -0.142921 -0.122665 0.547248 0.367287 0.360178 -0.854716 -0.373808
-0.997864 -0.622648 -0.237731 0.61473 0.479404 0.450137 -0.849108 -0.276393
-0.004896 -0.175014 -0 0.558924 0.360559 0.344153 -0.930724 -0.12374
-0.997755 -0.654513 -0 0.635911 0.466123 0.450288 -0.892883 -1e-06
0.00528 -0.163251 -0.062683 0.552801 0.363323 0.30267 -0.944448 -0.128098
-0.004896 -0.175014 -0 0.558924 0.360559 0.344153 -0.930724 -0.12374
-0.997864 -0.622648 -0.237731 0.61473 0.479404 0.450137 -0.849108 -0.276393
-0.997755 -0.654513 -0 0.635911 0.466123 0.450288 -0.892883 -1e-06
-0.042495 -0.178223 0.068368 0.566403 0.358641 0.368544 -0.918488 0.143372
-0.997864 -0.622648 0.237731 0.655034 0.450015 0.450137 -0.849108 0.276392
-0.004896 -0.175014 -0 0.558924 0.360559 0.270629 -0.957059 0.103915
-0.042495 -0.178223 0.068368 0.566403 0.358641 0.368544 -0.918488 0.143372
-0.997755 -0.654513 -0 0.635911 0.466123 0.450288 -0.892883 -1e-06
-0.997864 -0.622648 0.237731 0.168128 0.5 0.450137 -0.849108 0.276392
-0.043334 -0.151827 0.130212 0.184226 0.37309 0.344001 -0.862038 0.37223
-0.998182 -0.53017 0.452191 0.193128 0.5 0.4497 -0.722064 0.525731
-0.042495 -0.178223 0.068368 0.177032 0.373023 0.317629 -0.870541 0.375859
-0.043334 -0.151827 0.130212 0.184226 0.37309 0.344001 -0.862038 0.37223
-0.997864 -0.622648 0.237731 0.168128 0.5 0.450137 -0.849108 0.276392
-0.998182 -0.53017 0.452191 0.193128 0.5 0.4497 -0.722064 0.525731
-0.07703 -0.11689 0.18967 0.191982 0.375017 0.390548 -0.689389 0.610095
-0.998678 -0.386132 0.622387 0.217889 0.496505 0.44902 -0.524189 0.723607
-0.043334 -0.151827 0.130212 0.184226 0.37309 0.288261 -0.745244 0.601263
-0.07703 -0.11689 0.18967 0.191982 0.375017 0.390548 -0.689389 0.610095
-0.998182 -0.53017 0.452191 0.193128 0.5 0.4497 -0.722064 0.525731
