Vertex Count: 1356

Data:

1.34912 0.251548 -2.10267 0.655062 0.658661 0 0 -1
3.57756 4.42787 -2.10267 0.825631 0.519641 0 0 -1
3.57756 0.251548 -2.10267 0.74948 0.699387 0 0 -1
1.3243 4.42787 -2.10267 0.728305 0.478915 0 0 -1
3.57756 4.42787 -2.10267 0.825631 0.519641 0 0 -1
1.34912 0.251548 -2.10267 0.655062 0.658661 0 0 -1
1.3507 0.244212 0.561257 0.608801 0.768935 -0.00259 0.015863 0.999871
3.57756 4.42787 0.500653 0.614608 0.978915 -0.002414 0.012542 0.999918
1.3243 4.42787 0.500653 0.524953 0.933759 -0.002154 0.007622 0.999969
3.57756 0.251548 0.572745 0.698633 0.811767 -0.00259 0.015863 0.999871
3.57756 4.42787 0.500653 0.614608 0.978915 -0.002414 0.012542 0.999918
1.3507 0.244212 0.561257 0.608801 0.768935 -0.00259 0.015863 0.999871
1.3507 0.244212 0.561257 0.608801 0.768935 0.000717 -0.999994 -0.003468
3.57756 0.251548 -2.10267 0.74948 0.699387 0.00165 -0.999998 -0.001374
3.57756 0.251548 0.572745 0.698633 0.811767 0.00165 -0.999998 -0.001374
1.34912 0.251548 -2.10267 0.655062 0.658661 0.000913 -0.999997 -0.002297
3.57756 0.251548 -2.10267 0.74948 0.699387 0.00165 -0.999998 -0.001374
1.3507 0.244212 0.561257 0.608801 0.768935 0.000717 -0.999994 -0.003468
3.57756 0.251548 -2.10267 0.74948 0.699387 1 0 -0
3.57756 4.42787 0.500653 0.937948 0.567213 1 0 -0
3.57756 0.251548 0.572745 0.864698 0.748441 1 0 -0
3.57756 4.42787 -2.10267 0.825631 0.519641 1 0 -0
3.57756 4.42787 0.500653 0.937948 0.567213 1 0 -0
3.57756 0.251548 -2.10267 0.74948 0.699387 1 0 -0
-3.57756 4.42787 0.500653 0.401113 0.348212 -1 0 -0
-3.57756 0.251548 -2.10267 0.443502 0.575575 -1 0 -0
-3.57756 0.251548 0.572745 0.32631 0.529773 -1 0 -0
-3.57756 4.42787 -2.10267 0.515116 0.393037 -1 0 -0
-3.57756 0.251548 -2.10267 0.443502 0.575575 -1 0 -0
-3.57756 4.42787 0.500653 0.401113 0.348212 -1 0 -0
-0.025879 8.01147 0.573765 0.233403 0.677597 -0.566553 0.824024 -0.001507
-1.38012 7.07468 -2.53655 0.109397 0.58293 -0.542999 0.839732 -0.001574
-1.3658 7.09564 0.599627 0.246287 0.606965 -0.542761 0.839886 -0.001575
-0.025431 8.01147 -2.53655 0.097661 0.655019 -0.566553 0.824024 -0.001507
-1.38012 7.07468 -2.53655 0.109397 0.58293 -0.542999 0.839732 -0.001574
-0.025879 8.01147 0.573765 0.233403 0.677597 -0.566553 0.824024 -0.001507
3.57756 4.42787 0.500653 0.614608 0.978915 -0.002414 0.012542 0.999918
1.26463 6.06242 0.554734 0.489345 0.997127 0 -0.033069 0.999453
1.3243 4.42787 0.500653 0.524953 0.933759 -0.002154 0.007622 0.999969
1.40174 7.13347 -2.53655 0.085739 0.728009 0.538829 0.842284 0.014864
4.85523 4.88788 0.630839 0.193329 0.930637 0.535549 0.844376 0.014715
4.85523 4.88788 -2.53655 0.055365 0.907289 0.535548 0.844377 0.014715
1.2145 7.14302 0.562223 0.221896 0.743547 0.538912 0.842231 0.014867
4.85523 4.88788 0.630839 0.193329 0.930637 0.535549 0.844376 0.014715
1.40174 7.13347 -2.53655 0.085739 0.728009 0.538829 0.842284 0.014864
3.57756 4.42787 -2.10267 0.825631 0.519641 0 0 -1
1.3243 4.42787 -2.10267 0.728305 0.478915 0 0 -1
1.36162 5.99905 -2.10267 0.758079 0.411387 0 0 -1
-4.26121 4.13302 0.630839 0.285208 0.385121 0.396028 -0.918239 -0
-3.57756 4.42787 -2.10267 0.171463 0.332467 0.396028 -0.918239 -0
-3.57756 4.42787 0.500653 0.285034 0.351686 0.396028 -0.918239 -0
-4.26121 4.13302 -2.53655 0.147023 0.361735 0.396028 -0.918239 -0
-3.57756 4.42787 -2.10267 0.171463 0.332467 0.396028 -0.918239 -0
-4.26121 4.13302 0.630839 0.285208 0.385121 0.396028 -0.918239 -0
-3.57756 4.42787 -2.10267 0.073429 0.43048 0.54266 -0.782067 -0.306417
-1.36479 6.13327 -2.53655 0.078094 0.555391 0.557504 -0.776195 -0.294465
-1.36423 5.97318 -2.10267 0.058741 0.548985 0.55591 -0.776845 -0.295764
-4.26121 4.13302 -2.53655 0.097519 0.400977 0.54266 -0.782067 -0.306417
-1.36479 6.13327 -2.53655 0.078094 0.555391 0.557504 -0.776195 -0.294465
-3.57756 4.42787 -2.10267 0.073429 0.43048 0.54266 -0.782067 -0.306417
3.57756 4.42787 -2.10267 0.062699 0.978838 -0.288396 -0.957511 -0
4.19608 4.24158 0.630839 0.186526 0.97086 -0.288395 -0.957511 -0
3.57756 4.42787 0.500653 0.1761 0.99804 -0.288396 -0.957511 -0
4.19608 4.24158 -2.53655 0.04856 0.947497 -0.288396 -0.957511 -0
4.19608 4.24158 0.630839 0.186526 0.97086 -0.288395 -0.957511 -0
3.57756 4.42787 -2.10267 0.062699 0.978838 -0.288396 -0.957511 -0
3.57756 4.42787 0.500653 0.247042 0.900995 -0.315781 -0.474036 0.821932
4.19608 4.24158 0.630839 0.23396 0.927016 -0.315781 -0.474036 0.821932
1.26463 6.06242 0.554734 0.256804 0.776206 -0.315781 -0.474036 0.821932
3.57756 4.42787 -2.10267 0.001992 0.861246 -0.531212 -0.768886 -0.355849
1.42045 6.119 -2.53655 0.044963 0.746411 -0.536731 -0.776666 -0.329713
4.19608 4.24158 -2.53655 0.017583 0.891917 -0.531212 -0.768886 -0.355849
1.36162 5.99905 -2.10267 0.025108 0.74336 -0.536657 -0.776561 -0.33008
1.42045 6.119 -2.53655 0.044963 0.746411 -0.536731 -0.776666 -0.329713
3.57756 4.42787 -2.10267 0.001992 0.861246 -0.531212 -0.768886 -0.355849
-4.85523 4.88788 0.630839 0.278117 0.427025 -0.785855 -0.618411 -0
-4.26121 4.13302 -2.53655 0.147023 0.361735 -0.785855 -0.618411 -0
-4.26121 4.13302 0.630839 0.285208 0.385121 -0.785855 -0.618411 -0
-4.85523 4.88788 -2.53655 0.139933 0.403637 -0.785855 -0.618411 -0
-4.26121 4.13302 -2.53655 0.147023 0.361735 -0.785855 -0.618411 -0
-4.85523 4.88788 0.630839 0.278117 0.427025 -0.785855 -0.618411 -0
-4.85523 4.88788 -2.53655 0.139933 0.403637 0 0 -1
-1.36479 6.13327 -2.53655 0.078094 0.555391 0 0 -1
-4.26121 4.13302 -2.53655 0.097519 0.400977 0 0 -1
-1.38012 7.07468 -2.53655 0.109397 0.58293 0 0 -1
-1.36479 6.13327 -2.53655 0.078094 0.555391 0 0 -1
-4.85523 4.88788 -2.53655 0.139933 0.403637 0 0 -1
4.85523 4.88788 -2.53655 0.055365 0.907289 0.70011 -0.714035 -0
4.19608 4.24158 0.630839 0.186526 0.97086 0.70011 -0.714035 -0
4.19608 4.24158 -2.53655 0.04856 0.947497 0.70011 -0.714035 -0
4.85523 4.88788 0.630839 0.193329 0.930637 0.70011 -0.714035 -0
4.19608 4.24158 0.630839 0.186526 0.97086 0.70011 -0.714035 -0
4.85523 4.88788 -2.53655 0.055365 0.907289 0.70011 -0.714035 -0
1.26463 6.06242 0.554734 0.256804 0.776206 -0.020271 0.002814 0.999791
4.85523 4.88788 0.630839 0.193329 0.930637 -0.020271 0.002814 0.999791
1.2145 7.14302 0.562223 0.221896 0.743547 -0.020271 0.002814 0.999791
4.19608 4.24158 0.630839 0.23396 0.927016 -0.020271 0.002814 0.999791
4.85523 4.88788 0.630839 0.193329 0.930637 -0.020271 0.002814 0.999791
1.26463 6.06242 0.554734 0.256804 0.776206 -0.020271 0.002814 0.999791
1.42045 6.119 -2.53655 0.044963 0.746411 0 0 -1
4.85523 4.88788 -2.53655 0.055365 0.907289 0 0 -1
4.19608 4.24158 -2.53655 0.017583 0.891917 0 0 -1
1.40174 7.13347 -2.53655 0.085739 0.728009 0 0 -1
4.85523 4.88788 -2.53655 0.055365 0.907289 0 0 -1
1.42045 6.119 -2.53655 0.044963 0.746411 0 0 -1
-1.33908 0.251548 -2.10267 0.540795 0.612777 0 0 -1
1.3243 4.42787 -2.10267 0.728305 0.478915 0 0 -1
1.34912 0.251548 -2.10267 0.655062 0.658661 0 0 -1
-1.33908 4.42787 -2.10267 0.612803 0.431886 0 0 -1
1.3243 4.42787 -2.10267 0.728305 0.478915 0 0 -1
-1.33908 0.251548 -2.10267 0.540795 0.612777 0 0 -1
-1.33908 0.251548 -2.10267 0.540795 0.612777 -0.000751 -0.999997 -0.002433
1.3507 0.244212 0.561257 0.608801 0.768935 0.000717 -0.999994 -0.003468
-1.3372 0.242516 0.582959 0.497729 0.726462 -0.000416 -0.999993 -0.003595
1.34912 0.251548 -2.10267 0.655062 0.658661 0.000913 -0.999997 -0.002297
1.3507 0.244212 0.561257 0.608801 0.768935 0.000717 -0.999994 -0.003468
-1.33908 0.251548 -2.10267 0.540795 0.612777 -0.000751 -0.999997 -0.002433
-3.57756 4.42787 -2.10267 0.515116 0.393037 0 0 -1
-1.33908 0.251548 -2.10267 0.540795 0.612777 0 0 -1
-3.57756 0.251548 -2.10267 0.443502 0.575575 0 0 -1
-1.33908 4.42787 -2.10267 0.612803 0.431886 0 0 -1
-1.33908 0.251548 -2.10267 0.540795 0.612777 0 0 -1
-3.57756 4.42787 -2.10267 0.515116 0.393037 0 0 -1
-3.57756 0.251548 0.572745 0.400591 0.692883 -0.002013 -0.999997 -0.001684
-1.33908 0.251548 -2.10267 0.540795 0.612777 -0.000751 -0.999997 -0.002433
-1.3372 0.242516 0.582959 0.497729 0.726462 -0.000416 -0.999993 -0.003595
-3.57756 0.251548 -2.10267 0.443502 0.575575 -0.002013 -0.999997 -0.001684
-1.33908 0.251548 -2.10267 0.540795 0.612777 -0.000751 -0.999997 -0.002433
-3.57756 0.251548 0.572745 0.400591 0.692883 -0.002013 -0.999997 -0.001684
-3.57756 0.251548 0.572745 0.400591 0.692883 -0.021633 0.008081 0.999733
-1.34153 4.43794 0.587289 0.437733 0.909465 -0.024367 0.006639 0.999681
-3.57756 4.42787 0.500653 0.339613 0.876794 -0.02278 0.007476 0.999713
-1.3372 0.242516 0.582959 0.497729 0.726462 -0.021633 0.008081 0.999733
-1.34153 4.43794 0.587289 0.437733 0.909465 -0.024367 0.006639 0.999681
-3.57756 0.251548 0.572745 0.400591 0.692883 -0.021633 0.008081 0.999733
-0.025431 8.01147 -2.53655 0.097661 0.655019 0.547733 0.836514 0.015269
1.2145 7.14302 0.562223 0.221896 0.743547 0.538912 0.842231 0.014867
1.40174 7.13347 -2.53655 0.085739 0.728009 0.538829 0.842284 0.014864
-0.025879 8.01147 0.573765 0.233403 0.677597 0.547733 0.836514 0.015269
1.2145 7.14302 0.562223 0.221896 0.743547 0.538912 0.842231 0.014867
-0.025431 8.01147 -2.53655 0.097661 0.655019 0.547733 0.836514 0.015269
-0.048924 7.12999 -2.53655 0.061012 0.668925 0 0 -1
1.40174 7.13347 -2.53655 0.085739 0.728009 0 0 -1
1.42045 6.119 -2.53655 0.044963 0.746411 0 0 -1
-0.025431 8.01147 -2.53655 0.097661 0.655019 0 0 -1
1.40174 7.13347 -2.53655 0.085739 0.728009 0 0 -1
-0.048924 7.12999 -2.53655 0.061012 0.668925 0 0 -1
-0.049827 6.97983 -2.10267 0.040595 0.66852 -0.545435 -0.788896 -0.283096
1.42045 6.119 -2.53655 0.044963 0.746411 -0.536731 -0.776666 -0.329713
1.36162 5.99905 -2.10267 0.025108 0.74336 -0.536657 -0.776561 -0.33008
-0.048924 7.12999 -2.53655 0.061012 0.668925 -0.545435 -0.788896 -0.283096
1.42045 6.119 -2.53655 0.044963 0.746411 -0.536731 -0.776666 -0.329713
-0.049827 6.97983 -2.10267 0.040595 0.66852 -0.545435 -0.788896 -0.283096
-3.57756 4.42787 -2.10267 0.515116 0.393037 0 0 -1
-1.36423 5.97318 -2.10267 0.638885 0.364042 0 0 -1
-1.33908 4.42787 -2.10267 0.612803 0.431886 0 0 -1
-1.36423 5.97318 -2.10267 0.638885 0.364042 0 0 -1
1.3243 4.42787 -2.10267 0.728305 0.478915 0 0 -1
-1.33908 4.42787 -2.10267 0.612803 0.431886 0 0 -1
-1.36423 5.97318 -2.10267 0.638885 0.364042 0 0 -1
1.36162 5.99905 -2.10267 0.758079 0.411387 0 0 -1
1.3243 4.42787 -2.10267 0.728305 0.478915 0 0 -1
-1.36423 5.97318 -2.10267 0.638885 0.364042 0 0 -1
-0.049827 6.97983 -2.10267 0.714094 0.343464 0 0 -1
1.36162 5.99905 -2.10267 0.758079 0.411387 0 0 -1
-1.36479 6.13327 -2.53655 0.078094 0.555391 0.557504 -0.776195 -0.294465
-0.049827 6.97983 -2.10267 0.051298 0.621401 0.582843 -0.765225 -0.273357
-1.36423 5.97318 -2.10267 0.058741 0.548985 0.55591 -0.776845 -0.295764
-0.048924 7.12999 -2.53655 0.070539 0.627436 0.582843 -0.765225 -0.273357
-0.049827 6.97983 -2.10267 0.051298 0.621401 0.582843 -0.765225 -0.273357
-1.36479 6.13327 -2.53655 0.078094 0.555391 0.557504 -0.776195 -0.294465
-1.38012 7.07468 -2.53655 0.109397 0.58293 0 0 -1
-0.048924 7.12999 -2.53655 0.070539 0.627436 0 0 -1
-1.36479 6.13327 -2.53655 0.078094 0.555391 0 0 -1
-0.025431 8.01147 -2.53655 0.097661 0.655019 0 0 -1
-0.048924 7.12999 -2.53655 0.070539 0.627436 0 0 -1
-1.38012 7.07468 -2.53655 0.109397 0.58293 0 0 -1
-3.57756 4.42787 0.500653 0.339613 0.876794 -0.02278 0.007476 0.999713
-1.34153 4.43794 0.587289 0.437733 0.909465 -0.024367 0.006639 0.999681
-1.3692 6.04487 0.587708 0.413888 0.979861 -0.038713 -0.000927 0.99925
-4.26121 4.13302 0.630839 0.318998 0.438682 0.381829 -0.561012 0.734487
-3.57756 4.42787 0.500653 0.32044 0.472096 0.381829 -0.561012 0.734487
-1.3692 6.04487 0.587708 0.289244 0.589186 0.381829 -0.561012 0.734487
-4.85523 4.88788 0.630839 0.278117 0.427025 0.013136 -0.002303 0.999911
-1.3692 6.04487 0.587708 0.289244 0.589186 0.013136 -0.002303 0.999911
-1.3658 7.09564 0.599627 0.246287 0.606965 0.013136 -0.002303 0.999911
-4.26121 4.13302 0.630839 0.318998 0.438682 0.013136 -0.002303 0.999911
-1.3692 6.04487 0.587708 0.289244 0.589186 0.013136 -0.002303 0.999911
-4.85523 4.88788 0.630839 0.278117 0.427025 0.013136 -0.002303 0.999911
-1.3658 7.09564 0.599627 0.246287 0.606965 -0.542761 0.839886 -0.001575
-4.85523 4.88788 -2.53655 0.139933 0.403637 -0.533642 0.845709 -0.0016
-4.85523 4.88788 0.630839 0.278117 0.427025 -0.533642 0.845709 -0.0016
-1.38012 7.07468 -2.53655 0.109397 0.58293 -0.542999 0.839732 -0.001574
-4.85523 4.88788 -2.53655 0.139933 0.403637 -0.533642 0.845709 -0.0016
-1.3658 7.09564 0.599627 0.246287 0.606965 -0.542761 0.839886 -0.001575
-1.91905 8.60687 3.38357 0.367854 0.04439 -0.000634 -0.006321 0.99998
-0.079446 9.19074 3.38843 0.40407 0.066374 -0.000629 -0.001807 0.999998
-1.92088 9.18361 3.38977 0.365546 0.060915 -0.000634 -0.006321 0.99998
-0.082433 8.58963 3.38718 0.4063 0.045785 -0.000629 -0.001822 0.999998
-0.079446 9.19074 3.38843 0.40407 0.066374 -0.000629 -0.001807 0.999998
-1.91905 8.60687 3.38357 0.367854 0.04439 -0.000634 -0.006321 0.99998
-0.094631 11.7549 0.713131 0.318118 0.199135 -0.000608 0.048585 -0.998819
-0.11284 11.3669 0.694273 0.309398 0.189168 -0.058727 0.031313 -0.997783
-0.306118 11.3712 0.694595 0.314286 0.184669 -0.05883 0.031282 -0.997778
1.70517 9.23071 0.190594 0.346517 0.317783 0.998547 0.011774 -0.052582
1.88148 8.57119 3.39104 0.412594 0.326058 0.998547 0.011774 -0.052582
1.68454 8.65442 0.154647 0.35089 0.338314 0.998547 0.011774 -0.052582
1.84835 9.19821 3.38702 0.406572 0.306595 0.998547 0.011774 -0.052582
1.88148 8.57119 3.39104 0.412594 0.326058 0.998547 0.011774 -0.052582
1.70517 9.23071 0.190594 0.346517 0.317783 0.998547 0.011774 -0.052582
-0.094631 11.7549 0.713131 0.319711 0.198783 -0.840515 0.541766 -0.004933
-0.009685 11.9093 2.89518 0.39293 0.180519 -0.840515 0.541766 -0.004933
-0.004965 11.7535 0.701621 0.320192 0.201865 -0.840515 0.541766 -0.004933
-0.094631 11.7549 0.713131 0.319711 0.198783 -0.840515 0.541766 -0.004933
-0.301584 11.3719 2.88815 0.385871 0.160676 -0.894949 0.446163 0.002149
-0.009685 11.9093 2.89518 0.39293 0.180519 -0.840515 0.541766 -0.004933
-0.301584 11.3719 2.88815 0.385871 0.160676 -0.894949 0.446163 0.002149
-0.094631 11.7549 0.713131 0.319711 0.198783 -0.840515 0.541766 -0.004933
-0.306118 11.3712 0.694595 0.314286 0.184669 -0.895949 0.444151 0.002294
0.286747 11.3709 2.8905 0.397307 0.201218 0.901852 0.432044 -0.001208
-0.004965 11.7535 0.701621 0.320192 0.201865 0.844858 0.534956 -0.006108
-0.009685 11.9093 2.89518 0.39293 0.180519 0.844858 0.534956 -0.006108
0.286747 11.3709 2.8905 0.397307 0.201218 0.901852 0.432044 -0.001208
0.076488 11.7526 0.700031 0.320534 0.204655 0.844858 0.534955 -0.006108
-0.004965 11.7535 0.701621 0.320192 0.201865 0.844858 0.534956 -0.006108
0.286747 11.3709 2.8905 0.397307 0.201218 0.901852 0.432044 -0.001208
0.282213 11.3701 0.69694 0.32408 0.219181 0.902246 0.43122 -0.00117
0.076488 11.7526 0.700031 0.320534 0.204655 0.844858 0.534955 -0.006108
-1.91905 8.60687 3.38357 0.346246 0.043377 -0.999153 -3.4e-05 -0.041138
-1.78772 9.21863 0.193322 0.278702 0.091794 -0.999153 -3.4e-05 -0.041138
-1.78778 8.63321 0.157432 0.27039 0.073398 -0.999153 -3.4e-05 -0.041138
-1.92088 9.18361 3.38977 0.350921 0.061213 -0.999153 -3.4e-05 -0.041138
-1.78772 9.21863 0.193322 0.278702 0.091794 -0.999153 -3.4e-05 -0.041138
-1.91905 8.60687 3.38357 0.346246 0.043377 -0.999153 -3.4e-05 -0.041138
1.28999 4.41063 2.86845 0.773128 0.265478 0.999868 0.014781 0.006801
1.3507 0.244212 0.561257 0.779219 0.433731 0.999919 0.010832 0.006747
1.3243 4.42787 0.500653 0.70111 0.308277 0.999868 0.014753 0.006801
1.35385 0.229564 2.86157 0.849114 0.392253 0.999919 0.010832 0.006747
1.3507 0.244212 0.561257 0.779219 0.433731 0.999919 0.010832 0.006747
1.28999 4.41063 2.86845 0.773128 0.265478 0.999868 0.014781 0.006801
-1.34744 4.39008 2.86991 0.852763 0.217069 0.00033 0.002253 0.999997
-0.05852 0.229564 2.86157 0.891497 0.365889 0.000281 -0.001824 0.999998
-0.041375 4.40026 2.86919 0.813312 0.240982 0.000324 0.002225 0.999998
-1.33434 0.229564 2.86157 0.929744 0.342101 0.000287 -0.001917 0.999998
-0.05852 0.229564 2.86157 0.891497 0.365889 0.000281 -0.001824 0.999998
-1.34744 4.39008 2.86991 0.852763 0.217069 0.00033 0.002253 0.999997
-1.35185 6.08231 2.84879 0.82179 0.165681 0.000284 -0.00154 0.999999
-0.041375 4.40026 2.86919 0.813312 0.240982 0.000324 0.002225 0.999998
-0.034199 6.07366 2.84835 0.781877 0.190526 0.000285 -0.001482 0.999999
-1.34744 4.39008 2.86991 0.852763 0.217069 0.00033 0.002253 0.999997
-0.041375 4.40026 2.86919 0.813312 0.240982 0.000324 0.002225 0.999998
-1.35185 6.08231 2.84879 0.82179 0.165681 0.000284 -0.00154 0.999999
1.26463 6.06242 0.554734 0.672805 0.257866 0.99995 0.00756 -0.006484
1.28999 4.41063 2.86845 0.773128 0.265478 0.999868 0.014781 0.006801
1.3243 4.42787 0.500653 0.70111 0.308277 0.999868 0.014753 0.006801
1.26692 6.06513 2.84792 0.742353 0.215146 0.999952 0.007057 -0.00687
1.28999 4.41063 2.86845 0.773128 0.265478 0.999868 0.014781 0.006801
1.26463 6.06242 0.554734 0.672805 0.257866 0.99995 0.00756 -0.006484
1.35385 0.229564 2.86157 0.849114 0.392253 0.000291 -0.999982 -0.006028
-1.3372 0.242516 0.582959 0.97251 0.410333 -0.000416 -0.999993 -0.003595
1.3507 0.244212 0.561257 0.892262 0.461275 0.000717 -0.999994 -0.003468
-0.05852 0.229564 2.86157 0.891497 0.365889 0.000291 -0.999982 -0.006028
-1.3372 0.242516 0.582959 0.97251 0.410333 -0.000416 -0.999993 -0.003595
1.35385 0.229564 2.86157 0.849114 0.392253 0.000291 -0.999982 -0.006028
-0.05852 0.229564 2.86157 0.891497 0.365889 0.000291 -0.999982 -0.006028
-1.33434 0.229564 2.86157 0.929744 0.342101 0.000291 -0.999982 -0.006028
-1.3372 0.242516 0.582959 0.97251 0.410333 -0.000416 -0.999993 -0.003595
-0.009685 11.9093 2.89518 0.39293 0.180519 -0.003912 -0.00863 0.999955
-0.301584 11.3719 2.88815 0.385871 0.160676 -0.001564 -0.003868 0.999991
-0.013635 11.3717 2.89053 0.395711 0.161858 -0.000823 -0.004382 0.99999
-1.36564 8.7153 0.661781 0.840026 0.045717 -0.045421 0.038368 -0.998231
-0.025879 8.01147 0.573765 0.893283 0.040559 -0.004964 0.045818 -0.998938
-1.3658 7.09564 0.599627 0.871439 0.093605 -0.045421 0.038368 -0.998231
-0.023223 8.76982 0.602887 0.878614 0.018116 -0.004791 0.04585 -0.998937
-0.025879 8.01147 0.573765 0.893283 0.040559 -0.004964 0.045818 -0.998938
-1.36564 8.7153 0.661781 0.840026 0.045717 -0.045421 0.038368 -0.998231
-0.025879 8.01147 0.573765 0.599628 0.220957 -0.004964 0.045818 -0.998938
1.27156 8.73744 0.661681 0.6261 0.175516 0.037635 0.053577 -0.997854
1.2145 7.14302 0.562223 0.652945 0.225259 0.037635 0.053577 -0.997854
-0.023223 8.76982 0.602887 0.586155 0.197819 -0.004791 0.04585 -0.998937
1.27156 8.73744 0.661681 0.6261 0.175516 0.037635 0.053577 -0.997854
-0.025879 8.01147 0.573765 0.599628 0.220957 -0.004964 0.045818 -0.998938
-0.01724 9.23273 0.080416 0.295313 0.311258 -0.001042 0.041728 -0.999128
1.68454 8.65442 0.154647 0.334651 0.33331 0.05753 0.04126 -0.997491
-0.018201 8.71558 0.069891 0.292237 0.328796 -0.001475 0.04173 -0.999128
1.70517 9.23071 0.190594 0.336283 0.317623 0.05753 0.04126 -0.997491
1.68454 8.65442 0.154647 0.334651 0.33331 0.05753 0.04126 -0.997491
-0.01724 9.23273 0.080416 0.295313 0.311258 -0.001042 0.041728 -0.999128
-1.78772 9.21863 0.193322 0.27091 0.091413 -0.057624 0.042044 -0.997453
-0.018201 8.71558 0.069891 0.227513 0.110411 -0.001475 0.04173 -0.999128
-1.78778 8.63321 0.157432 0.256994 0.076784 -0.057624 0.042044 -0.997453
-0.01724 9.23273 0.080416 0.239727 0.123362 -0.001042 0.041728 -0.999128
-0.018201 8.71558 0.069891 0.227513 0.110411 -0.001475 0.04173 -0.999128
-1.78772 9.21863 0.193322 0.27091 0.091413 -0.057624 0.042044 -0.997453
1.2145 7.14302 0.562223 0.652945 0.225259 0.999867 -0.004482 -0.015712
1.26692 6.06513 2.84792 0.742353 0.215146 0.999952 0.007057 -0.00687
1.26463 6.06242 0.554734 0.672805 0.257866 0.99995 0.00756 -0.006484
1.2145 7.14302 0.562223 0.652945 0.225259 0.999867 -0.004482 -0.015712
1.28682 8.67678 2.87522 0.693802 0.135901 0.999867 -0.004482 -0.015712
1.26692 6.06513 2.84792 0.742353 0.215146 0.999952 0.007057 -0.00687
1.2145 7.14302 0.562223 0.652945 0.225259 0.999867 -0.004482 -0.015712
1.27156 8.73744 0.661681 0.6261 0.175516 0.999867 -0.004482 -0.015712
1.28682 8.67678 2.87522 0.693802 0.135901 0.999867 -0.004482 -0.015712
-1.35185 6.08231 2.84879 0.82179 0.165681 0.000284 -0.00154 0.999999
-0.024218 8.68889 2.87549 0.733192 0.111371 0.00019 -0.010379 0.999946
-1.35981 8.70122 2.87578 0.773278 0.086394 0.000189 -0.010342 0.999947
-0.034199 6.07366 2.84835 0.781877 0.190526 0.000285 -0.001482 0.999999
-0.024218 8.68889 2.87549 0.733192 0.111371 0.00019 -0.010379 0.999946
-1.35185 6.08231 2.84879 0.82179 0.165681 0.000284 -0.00154 0.999999
-1.35185 6.08231 2.84879 0.82179 0.165681 -0.999988 -0.00091 0.004717
-1.3658 7.09564 0.599627 0.871439 0.093605 -0.999988 -0.00091 0.004717
-1.3692 6.04487 0.587708 0.890995 0.125134 -0.999988 -0.00091 0.004717
-1.35981 8.70122 2.87578 0.773278 0.086394 -0.999988 -0.00091 0.004717
-1.3658 7.09564 0.599627 0.871439 0.093605 -0.999988 -0.00091 0.004717
-1.35185 6.08231 2.84879 0.82179 0.165681 -0.999988 -0.00091 0.004717
-1.35981 8.70122 2.87578 0.773278 0.086394 -0.999988 -0.00091 0.004717
-1.36564 8.7153 0.661781 0.840026 0.045717 -0.999988 -0.00091 0.004717
-1.3658 7.09564 0.599627 0.871439 0.093605 -0.999988 -0.00091 0.004717
-1.36107 9.09829 2.88005 0.35815 0.078931 0.12943 0.990758 -0.040589
-0.079446 9.19074 3.38843 0.40407 0.066374 -0.004751 0.986378 -0.164423
-0.022556 9.10629 2.88002 0.403954 0.08423 -0.00475 0.986404 -0.164269
-1.92088 9.18361 3.38977 0.365546 0.060915 0.060033 0.992466 -0.106804
-0.079446 9.19074 3.38843 0.40407 0.066374 -0.004751 0.986378 -0.164423
-1.36107 9.09829 2.88005 0.35815 0.078931 0.12943 0.990758 -0.040589
-0.082433 8.58963 3.38718 0.4063 0.045785 -0.008947 -0.981469 -0.191413
-1.35981 8.70122 2.87578 0.364316 0.023453 0.12191 -0.9907 -0.060427
-0.024218 8.68889 2.87549 0.410088 0.028124 -0.008947 -0.981473 -0.191393
-1.91905 8.60687 3.38357 0.367854 0.04439 0.054189 -0.990136 -0.129207
-1.35981 8.70122 2.87578 0.364316 0.023453 0.12191 -0.9907 -0.060427
-0.082433 8.58963 3.38718 0.4063 0.045785 -0.008947 -0.981469 -0.191413
1.68454 8.65442 0.154647 0.35089 0.338314 -0.078114 -0.993827 0.078773
1.28682 8.67678 2.87522 0.418673 0.341554 -0.183791 -0.982786 -0.01879
1.27156 8.73744 0.661681 0.352552 0.3512 -0.146201 -0.989121 0.016276
1.88148 8.57119 3.39104 0.412594 0.326058 -0.183791 -0.982786 -0.01879
1.28682 8.67678 2.87522 0.418673 0.341554 -0.183791 -0.982786 -0.01879
1.68454 8.65442 0.154647 0.35089 0.338314 -0.078114 -0.993827 0.078773
1.29029 9.11414 2.87999 0.417311 0.283771 -0.128515 0.99092 -0.039525
1.70517 9.23071 0.190594 0.346517 0.317783 -0.058999 0.987933 0.143206
1.28576 9.1342 0.68643 0.343836 0.301121 -0.137615 0.988567 0.061623
1.84835 9.19821 3.38702 0.406572 0.306595 -0.063937 0.992545 -0.103765
1.70517 9.23071 0.190594 0.346517 0.317783 -0.058999 0.987933 0.143206
1.29029 9.11414 2.87999 0.417311 0.283771 -0.128515 0.99092 -0.039525
-1.35981 8.70122 2.87578 0.337224 0.02542 0.12191 -0.9907 -0.060427
-1.78778 8.63321 0.157432 0.27039 0.073398 0.083447 -0.993258 0.08047
-1.36564 8.7153 0.661781 0.267463 0.056095 0.142385 -0.989415 0.027996
-1.91905 8.60687 3.38357 0.346246 0.043377 0.054189 -0.990136 -0.129207
-1.78778 8.63321 0.157432 0.27039 0.073398 0.083447 -0.993258 0.08047
-1.35981 8.70122 2.87578 0.337224 0.02542 0.12191 -0.9907 -0.060427
-1.78772 9.21863 0.193322 0.278702 0.091794 0.053521 0.987375 0.149083
-1.36107 9.09829 2.88005 0.35815 0.078931 0.12943 0.990758 -0.040589
-1.3656 9.11835 0.68649 0.286752 0.103512 0.137587 0.988388 0.064484
-1.92088 9.18361 3.38977 0.350921 0.061213 0.060033 0.992466 -0.106804
-1.36107 9.09829 2.88005 0.35815 0.078931 0.12943 0.990758 -0.040589
-1.78772 9.21863 0.193322 0.278702 0.091794 0.053521 0.987375 0.149083
-0.018201 8.71558 0.069891 0.292237 0.328796 0.006824 -0.993501 0.113618
1.27156 8.73744 0.661681 0.332812 0.355985 -0.146201 -0.989121 0.016276
-0.023223 8.76982 0.602887 0.289113 0.346966 0.006935 -0.993501 0.113611
1.68454 8.65442 0.154647 0.334651 0.33331 -0.078114 -0.993827 0.078773
1.27156 8.73744 0.661681 0.332812 0.355985 -0.146201 -0.989121 0.016276
-0.018201 8.71558 0.069891 0.292237 0.328796 0.006824 -0.993501 0.113618
1.28576 9.1342 0.68643 0.343836 0.301121 -0.137615 0.988567 0.061623
-0.01724 9.23273 0.080416 0.295313 0.311258 -0.004177 0.981227 0.192813
-0.022562 9.12586 0.610132 0.299445 0.29313 -0.004142 0.981224 0.192827
1.70517 9.23071 0.190594 0.336283 0.317623 -0.058999 0.987933 0.143206
-0.01724 9.23273 0.080416 0.295313 0.311258 -0.004177 0.981227 0.192813
1.28576 9.1342 0.68643 0.343836 0.301121 -0.137615 0.988567 0.061623
-1.36564 8.7153 0.661781 0.247233 0.063766 0.142385 -0.989415 0.027996
-0.018201 8.71558 0.069891 0.227513 0.110411 0.006824 -0.993501 0.113618
-0.023223 8.76982 0.602887 0.214948 0.096918 0.006935 -0.993501 0.113611
-1.78778 8.63321 0.157432 0.256994 0.076784 0.083447 -0.993258 0.08047
-0.018201 8.71558 0.069891 0.227513 0.110411 0.006824 -0.993501 0.113618
-1.36564 8.7153 0.661781 0.247233 0.063766 0.142385 -0.989415 0.027996
-0.01724 9.23273 0.080416 0.239727 0.123362 -0.004177 0.981227 0.192813
-1.3656 9.11835 0.68649 0.286752 0.103512 0.137587 0.988388 0.064484
-0.022562 9.12586 0.610132 0.253557 0.135802 -0.004142 0.981224 0.192827
-1.78772 9.21863 0.193322 0.27091 0.091413 0.053521 0.987375 0.149083
-1.3656 9.11835 0.68649 0.286752 0.103512 0.137587 0.988388 0.064484
-0.01724 9.23273 0.080416 0.239727 0.123362 -0.004177 0.981227 0.192813
-0.009685 11.9093 2.89518 0.39293 0.180519 -0.003912 -0.00863 0.999955
-0.013635 11.3717 2.89053 0.40539 0.194787 -0.000823 -0.004382 0.99999
0.286747 11.3709 2.8905 0.397307 0.201218 5.5e-05 -0.004724 0.999989
-0.079446 9.19074 3.38843 0.465538 0.26932 -0.004751 0.986378 -0.164423
1.29029 9.11414 2.87999 0.417311 0.283771 -0.128515 0.99092 -0.039525
-0.022556 9.10629 2.88002 0.453262 0.256392 -0.00475 0.986404 -0.164269
1.84835 9.19821 3.38702 0.437406 0.291075 -0.063937 0.992545 -0.103765
1.29029 9.11414 2.87999 0.417311 0.283771 -0.128515 0.99092 -0.039525
-0.079446 9.19074 3.38843 0.465538 0.26932 -0.004751 0.986378 -0.164423
-0.082433 8.58963 3.38718 0.478196 0.285665 -0.000629 -0.001822 0.999998
1.84835 9.19821 3.38702 0.437406 0.291075 -0.000625 0.002239 0.999997
-0.079446 9.19074 3.38843 0.465538 0.26932 -0.000629 -0.001807 0.999998
1.88148 8.57119 3.39104 0.443918 0.318753 -0.000625 0.002239 0.999997
1.84835 9.19821 3.38702 0.437406 0.291075 -0.000625 0.002239 0.999997
-0.082433 8.58963 3.38718 0.478196 0.285665 -0.000629 -0.001822 0.999998
1.28682 8.67678 2.87522 0.45566 0.329012 -0.008945 -0.981546 -0.191018
-0.082433 8.58963 3.38718 0.478196 0.285665 -0.008947 -0.981469 -0.191413
-0.024218 8.68889 2.87549 0.487729 0.300976 -0.008947 -0.981473 -0.191393
1.88148 8.57119 3.39104 0.443918 0.318753 -0.008945 -0.981546 -0.191018
-0.082433 8.58963 3.38718 0.478196 0.285665 -0.008947 -0.981469 -0.191413
1.28682 8.67678 2.87522 0.45566 0.329012 -0.008945 -0.981546 -0.191018
-0.034199 6.07366 2.84835 0.781877 0.190526 0.000285 -0.001482 0.999999
1.28682 8.67678 2.87522 0.693802 0.135901 0.00019 -0.010417 0.999946
-0.024218 8.68889 2.87549 0.733192 0.111371 0.00019 -0.010379 0.999946
1.26692 6.06513 2.84792 0.742353 0.215146 0.000287 -0.001421 0.999999
1.28682 8.67678 2.87522 0.693802 0.135901 0.00019 -0.010417 0.999946
-0.034199 6.07366 2.84835 0.781877 0.190526 0.000285 -0.001482 0.999999
-0.041375 4.40026 2.86919 0.813312 0.240982 0.000324 0.002225 0.999998
1.26692 6.06513 2.84792 0.742353 0.215146 0.000287 -0.001421 0.999999
-0.034199 6.07366 2.84835 0.781877 0.190526 0.000285 -0.001482 0.999999
1.28999 4.41063 2.86845 0.773128 0.265478 0.000319 0.002152 0.999998
1.26692 6.06513 2.84792 0.742353 0.215146 0.000287 -0.001421 0.999999
-0.041375 4.40026 2.86919 0.813312 0.240982 0.000324 0.002225 0.999998
-0.05852 0.229564 2.86157 0.891497 0.365889 0.000281 -0.001824 0.999998
1.28999 4.41063 2.86845 0.773128 0.265478 0.000319 0.002152 0.999998
-0.041375 4.40026 2.86919 0.813312 0.240982 0.000324 0.002225 0.999998
1.35385 0.229564 2.86157 0.849114 0.392253 0.000275 -0.001736 0.999999
1.28999 4.41063 2.86845 0.773128 0.265478 0.000319 0.002152 0.999998
-0.05852 0.229564 2.86157 0.891497 0.365889 0.000281 -0.001824 0.999998
-1.36107 9.09829 2.88005 0.35815 0.078931 -0.905674 0.423959 0.003735
-0.306118 11.3712 0.694595 0.314286 0.184669 -0.895949 0.444151 0.002294
-1.3656 9.11835 0.68649 0.286752 0.103512 -0.905674 0.423959 0.003735
-0.301584 11.3719 2.88815 0.385871 0.160676 -0.894949 0.446163 0.002149
-0.306118 11.3712 0.694595 0.314286 0.184669 -0.895949 0.444151 0.002294
-1.36107 9.09829 2.88005 0.35815 0.078931 -0.905674 0.423959 0.003735
0.286747 11.3709 2.8905 0.397307 0.201218 0.901852 0.432044 -0.001208
1.28576 9.1342 0.68643 0.343836 0.301121 0.913029 0.407895 -9.5e-05
0.282213 11.3701 0.69694 0.32408 0.219181 0.902246 0.43122 -0.00117
1.29029 9.11414 2.87999 0.417311 0.283771 0.913029 0.407895 -9.5e-05
1.28576 9.1342 0.68643 0.343836 0.301121 0.913029 0.407895 -9.5e-05
0.286747 11.3709 2.8905 0.397307 0.201218 0.901852 0.432044 -0.001208
-0.022562 9.12586 0.610132 0.253557 0.135802 0.000201 0.03066 -0.99953
-0.11284 11.3669 0.694273 0.309398 0.189168 -0.058727 0.031313 -0.997783
-0.016769 11.3648 0.673677 0.306898 0.191447 1e-06 0.030662 -0.99953
-0.022562 9.12586 0.610132 0.253557 0.135802 0.000201 0.03066 -0.99953
-0.306118 11.3712 0.694595 0.314286 0.184669 -0.05883 0.031282 -0.997778
-0.11284 11.3669 0.694273 0.309398 0.189168 -0.058727 0.031313 -0.997783
-0.306118 11.3712 0.694595 0.314286 0.184669 -0.05883 0.031282 -0.997778
-0.022562 9.12586 0.610132 0.253557 0.135802 0.000201 0.03066 -0.99953
-1.3656 9.11835 0.68649 0.286752 0.103512 -0.059453 0.031096 -0.997747
0.085883 11.3663 0.680042 0.317411 0.217996 0.061783 0.030344 -0.997628
-0.022562 9.12586 0.610132 0.299445 0.29313 0.000201 0.03066 -0.99953
-0.016769 11.3648 0.673677 0.313924 0.217397 1e-06 0.030662 -0.99953
0.282213 11.3701 0.69694 0.32408 0.219181 0.061804 0.030365 -0.997626
-0.022562 9.12586 0.610132 0.299445 0.29313 0.000201 0.03066 -0.99953
0.085883 11.3663 0.680042 0.317411 0.217996 0.061783 0.030344 -0.997628
0.282213 11.3701 0.69694 0.32408 0.219181 0.061804 0.030365 -0.997626
1.28576 9.1342 0.68643 0.343836 0.301121 0.061541 0.030098 -0.997651
-0.022562 9.12586 0.610132 0.299445 0.29313 0.000201 0.03066 -0.99953
-0.022556 9.10629 2.88002 0.453262 0.256392 -0.000691 -0.004196 0.999991
0.286747 11.3709 2.8905 0.397307 0.201218 5.5e-05 -0.004724 0.999989
-0.013635 11.3717 2.89053 0.40539 0.194787 -0.000823 -0.004382 0.99999
1.29029 9.11414 2.87999 0.417311 0.283771 5.5e-05 -0.004635 0.999989
0.286747 11.3709 2.8905 0.397307 0.201218 5.5e-05 -0.004724 0.999989
-0.022556 9.10629 2.88002 0.453262 0.256392 -0.000691 -0.004196 0.999991
-0.022556 9.10629 2.88002 0.403954 0.08423 -0.000691 -0.004196 0.999991
-0.301584 11.3719 2.88815 0.385871 0.160676 -0.001564 -0.003868 0.999991
-1.36107 9.09829 2.88005 0.35815 0.078931 -0.001421 -0.003766 0.999992
-0.013635 11.3717 2.89053 0.395711 0.161858 -0.000823 -0.004382 0.99999
-0.301584 11.3719 2.88815 0.385871 0.160676 -0.001564 -0.003868 0.999991
-0.022556 9.10629 2.88002 0.403954 0.08423 -0.000691 -0.004196 0.999991
0.282213 11.3701 0.69694 0.32408 0.219181 0.061804 0.030365 -0.997626
0.085883 11.3663 0.680042 0.317411 0.217996 0.061783 0.030344 -0.997628
0.076488 11.7526 0.700031 0.320534 0.204655 0.084585 0.053525 -0.994978
-0.094625 11.7566 0.506523 0.077451 0.27718 0.008756 0.00906 -0.999921
-0.01676 11.3599 0.500437 0.086041 0.331832 0.000374 0.010787 -0.999942
-0.112834 11.3635 0.507268 0.076264 0.32925 0.000374 0.010787 -0.999942
-0.004956 11.7547 0.508728 0.087328 0.279085 0.000152 0.008944 -0.99996
-0.01676 11.3599 0.500437 0.086041 0.331832 0.000374 0.010787 -0.999942
-0.094625 11.7566 0.506523 0.077451 0.27718 0.008756 0.00906 -0.999921
-0.004956 11.7547 0.508728 0.087328 0.279085 0.000152 0.008944 -0.99996
0.085888 11.3625 0.506721 0.09763 0.333358 0.000374 0.010787 -0.999942
-0.01676 11.3599 0.500437 0.086041 0.331832 0.000374 0.010787 -0.999942
-0.004956 11.7547 0.508728 0.087328 0.279085 0.000152 0.008944 -0.99996
0.076496 11.7534 0.507184 0.096029 0.280879 -0.008735 0.00896 -0.999922
0.085888 11.3625 0.506721 0.09763 0.333358 0.000374 0.010787 -0.999942
-0.094625 11.7566 0.506523 0.077451 0.27718 -0.999571 0.02928 -3.4e-05
-0.11284 11.3669 0.694273 0.091662 0.323671 -0.998914 0.046585 -0.000244
-0.094631 11.7549 0.713131 0.09454 0.271939 -0.999585 0.028809 -2.8e-05
-0.112834 11.3635 0.507268 0.076264 0.32925 -0.998914 0.046585 -0.000244
-0.11284 11.3669 0.694273 0.091662 0.323671 -0.998914 0.046585 -0.000244
-0.094625 11.7566 0.506523 0.077451 0.27718 -0.999571 0.02928 -3.4e-05
-0.112834 11.3635 0.507268 0.076264 0.32925 -0.026532 -0.999382 0.023039
-0.016769 11.3648 0.673677 0.100293 0.32641 -0.005946 -0.999696 0.023921
-0.11284 11.3669 0.694273 0.091662 0.323671 -0.026532 -0.999382 0.023039
-0.01676 11.3599 0.500437 0.086041 0.331832 -0.003611 -0.999705 0.02402
-0.016769 11.3648 0.673677 0.100293 0.32641 -0.005946 -0.999696 0.023921
-0.112834 11.3635 0.507268 0.076264 0.32925 -0.026532 -0.999382 0.023039
-0.016769 11.3648 0.673677 0.100293 0.32641 -0.005946 -0.999696 0.023921
0.085888 11.3625 0.506721 0.09763 0.333358 0.018275 -0.999522 0.024944
0.085883 11.3663 0.680042 0.11187 0.328076 0.018275 -0.999522 0.024944
-0.01676 11.3599 0.500437 0.086041 0.331832 -0.003611 -0.999705 0.02402
0.085888 11.3625 0.506721 0.09763 0.333358 0.018275 -0.999522 0.024944
-0.016769 11.3648 0.673677 0.100293 0.32641 -0.005946 -0.999696 0.023921
0.085883 11.3663 0.680042 0.11187 0.328076 0.999708 0.024168 -0.000157
0.076496 11.7534 0.507184 0.096029 0.280879 1 0.001021 -6.9e-05
0.076488 11.7526 0.700031 0.111947 0.275846 1 -5.7e-05 -6.5e-05
0.085888 11.3625 0.506721 0.09763 0.333358 0.999708 0.024168 -0.000157
0.076496 11.7534 0.507184 0.096029 0.280879 1 0.001021 -6.9e-05
0.085883 11.3663 0.680042 0.11187 0.328076 0.999708 0.024168 -0.000157
0.09269 12.9118 0.705898 0.112545 0.118782 0.013916 0.99989 0.005063
0.013351 12.9139 0.516024 0.087951 0.121618 0.015847 0.999855 0.00633
0.013342 12.9127 0.708917 0.104098 0.117256 0.015943 0.999852 0.006393
0.092699 12.9125 0.513052 0.096417 0.123225 0.013916 0.99989 0.005063
0.013351 12.9139 0.516024 0.087951 0.121618 0.015847 0.999855 0.00633
0.09269 12.9118 0.705898 0.112545 0.118782 0.013916 0.99989 0.005063
0.013351 12.9139 0.516024 0.087951 0.121618 0.015847 0.999855 0.00633
-0.074219 12.914 0.708204 0.094464 0.115614 0.017681 0.999815 0.007535
0.013342 12.9127 0.708917 0.104098 0.117256 0.015943 0.999852 0.006393
-0.074214 12.9157 0.515245 0.078292 0.119905 0.017681 0.999815 0.007535
-0.074219 12.914 0.708204 0.094464 0.115614 0.017681 0.999815 0.007535
0.013351 12.9139 0.516024 0.087951 0.121618 0.015847 0.999855 0.00633
0.076488 11.7526 0.700031 0.111947 0.275846 0.023974 -0.006033 0.999694
0.00412 12.3287 0.705243 0.103676 0.196799 0.032915 -0.002093 0.999456
-0.004965 11.7535 0.701621 0.103267 0.274133 0.041059 -0.000765 0.999156
0.084529 12.3279 0.702943 0.112242 0.19842 0.012496 -0.005551 0.999907
0.00412 12.3287 0.705243 0.103676 0.196799 0.032915 -0.002093 0.999456
0.076488 11.7526 0.700031 0.111947 0.275846 0.023974 -0.006033 0.999694
-0.004956 11.7547 0.508728 0.087328 0.279085 0.000152 0.008944 -0.99996
0.084537 12.3286 0.510097 0.09622 0.203165 -0.012202 0.005547 -0.99991
0.076496 11.7534 0.507184 0.096029 0.280879 -0.008735 0.00896 -0.999922
0.004128 12.33 0.51235 0.087635 0.201462 -0.001441 0.006325 -0.999979
0.084537 12.3286 0.510097 0.09622 0.203165 -0.012202 0.005547 -0.99991
-0.004956 11.7547 0.508728 0.087328 0.279085 0.000152 0.008944 -0.99996
0.084537 12.3286 0.510097 0.09622 0.203165 0.999902 -0.013976 -1.2e-05
0.076488 11.7526 0.700031 0.111947 0.275846 1 -5.7e-05 -6.5e-05
0.076496 11.7534 0.507184 0.096029 0.280879 1 0.001021 -6.9e-05
0.084529 12.3279 0.702943 0.112242 0.19842 0.999902 -0.013976 -1.2e-05
0.076488 11.7526 0.700031 0.111947 0.275846 1 -5.7e-05 -6.5e-05
0.084537 12.3286 0.510097 0.09622 0.203165 0.999902 -0.013976 -1.2e-05
0.00412 12.3287 0.705243 0.103676 0.196799 0.032915 -0.002093 0.999456
-0.094631 11.7549 0.713131 0.09454 0.271939 0.056512 0.004004 0.998394
-0.004965 11.7535 0.701621 0.103267 0.274133 0.041059 -0.000765 0.999156
-0.084503 12.3301 0.703811 0.093932 0.195059 0.021262 -0.002701 0.99977
-0.094631 11.7549 0.713131 0.09454 0.271939 0.056512 0.004004 0.998394
0.00412 12.3287 0.705243 0.103676 0.196799 0.032915 -0.002093 0.999456
-0.084503 12.3301 0.703811 0.093932 0.195059 -0.999845 0.017607 0.000108
-0.094625 11.7566 0.506523 0.077451 0.27718 -0.999571 0.02928 -3.4e-05
-0.094631 11.7549 0.713131 0.09454 0.271939 -0.999585 0.028809 -2.8e-05
-0.084494 12.3318 0.510853 0.077865 0.199652 -0.999845 0.017607 0.000108
-0.094625 11.7566 0.506523 0.077451 0.27718 -0.999571 0.02928 -3.4e-05
-0.084503 12.3301 0.703811 0.093932 0.195059 -0.999845 0.017607 0.000108
-0.094625 11.7566 0.506523 0.077451 0.27718 0.008756 0.00906 -0.999921
0.004128 12.33 0.51235 0.087635 0.201462 -0.001441 0.006325 -0.999979
-0.004956 11.7547 0.508728 0.087328 0.279085 0.000152 0.008944 -0.99996
-0.084494 12.3318 0.510853 0.077865 0.199652 0.010509 0.00702 -0.99992
0.004128 12.33 0.51235 0.087635 0.201462 -0.001441 0.006325 -0.999979
-0.094625 11.7566 0.506523 0.077451 0.27718 0.008756 0.00906 -0.999921
-0.074219 12.914 0.708204 0.094464 0.115614 -0.999845 0.017606 0.000112
-0.081389 12.5082 0.512181 0.077993 0.175668 -0.999845 0.017606 0.000112
-0.081395 12.5065 0.705139 0.094092 0.171166 -0.999845 0.017606 0.000112
-0.074214 12.9157 0.515245 0.078292 0.119905 -0.999845 0.017606 0.000112
-0.081389 12.5082 0.512181 0.077993 0.175668 -0.999845 0.017606 0.000112
-0.074219 12.914 0.708204 0.094464 0.115614 -0.999845 0.017606 0.000112
0.006905 12.5052 0.706353 0.103803 0.172877 0.009342 -0.00645 0.999936
-0.074219 12.914 0.708204 0.094464 0.115614 -0.011042 -0.006723 0.999916
-0.081395 12.5065 0.705139 0.094092 0.171166 -0.005741 -0.00714 0.999958
0.013342 12.9127 0.708917 0.104098 0.117256 0.010746 -0.00647 0.999921
-0.074219 12.914 0.708204 0.094464 0.115614 -0.011042 -0.006723 0.999916
0.006905 12.5052 0.706353 0.103803 0.172877 0.009342 -0.00645 0.999936
0.086995 12.5043 0.703834 0.112333 0.174469 0.01419 -0.005535 0.999884
0.013342 12.9127 0.708917 0.104098 0.117256 0.010746 -0.00647 0.999921
0.006905 12.5052 0.706353 0.103803 0.172877 0.009342 -0.00645 0.999936
0.09269 12.9118 0.705898 0.112545 0.118782 0.034628 -0.006189 0.999381
0.013342 12.9127 0.708917 0.104098 0.117256 0.010746 -0.00647 0.999921
0.086995 12.5043 0.703834 0.112333 0.174469 0.01419 -0.005535 0.999884
0.092699 12.9125 0.513052 0.096417 0.123225 0.999902 -0.013976 -1.2e-05
0.086995 12.5043 0.703834 0.112333 0.174469 0.999902 -0.013976 -1.2e-05
0.087004 12.505 0.510988 0.096279 0.179124 0.999902 -0.013976 -1.2e-05
0.09269 12.9118 0.705898 0.112545 0.118782 0.999902 -0.013976 -1.2e-05
0.086995 12.5043 0.703834 0.112333 0.174469 0.999902 -0.013976 -1.2e-05
0.092699 12.9125 0.513052 0.096417 0.123225 0.999902 -0.013976 -1.2e-05
0.006914 12.5064 0.51346 0.08773 0.17745 -0.008663 0.006439 -0.999942
0.092699 12.9125 0.513052 0.096417 0.123225 -0.03401 0.00618 -0.999402
0.087004 12.505 0.510988 0.096279 0.179124 -0.01391 0.005532 -0.999888
0.013351 12.9139 0.516024 0.087951 0.121618 -0.009958 0.00646 -0.99993
0.092699 12.9125 0.513052 0.096417 0.123225 -0.03401 0.00618 -0.999402
0.006914 12.5064 0.51346 0.08773 0.17745 -0.008663 0.006439 -0.999942
-0.081389 12.5082 0.512181 0.077993 0.175668 0.006114 0.007134 -0.999956
0.013351 12.9139 0.516024 0.087951 0.121618 -0.009958 0.00646 -0.99993
0.006914 12.5064 0.51346 0.08773 0.17745 -0.008663 0.006439 -0.999942
-0.074214 12.9157 0.515245 0.078292 0.119905 0.011837 0.00671 -0.999907
0.013351 12.9139 0.516024 0.087951 0.121618 -0.009958 0.00646 -0.99993
-0.081389 12.5082 0.512181 0.077993 0.175668 0.006114 0.007134 -0.999956
-0.413783 12.5124 0.705177 0.058149 0.164552 -0.999845 0.017606 0.000112
-0.416882 12.3376 0.51089 0.041927 0.192879 -0.999845 0.017606 0.000112
-0.416888 12.336 0.703849 0.058062 0.188338 -0.999845 0.017606 0.000112
-0.413774 12.514 0.512215 0.041983 0.169004 -0.999845 0.017606 0.000112
-0.416882 12.3376 0.51089 0.041927 0.192879 -0.999845 0.017606 0.000112
-0.413783 12.5124 0.705177 0.058149 0.164552 -0.999845 0.017606 0.000112
0.00412 12.3287 0.705243 0.103676 0.196799 0.032915 -0.002093 0.999456
-0.081395 12.5065 0.705139 0.094092 0.171166 -0.005741 -0.00714 0.999958
-0.084503 12.3301 0.703811 0.093932 0.195059 0.021262 -0.002701 0.99977
0.006905 12.5052 0.706353 0.103803 0.172877 0.009342 -0.00645 0.999936
-0.081395 12.5065 0.705139 0.094092 0.171166 -0.005741 -0.00714 0.999958
0.00412 12.3287 0.705243 0.103676 0.196799 0.032915 -0.002093 0.999456
0.084529 12.3279 0.702943 0.112242 0.19842 0.012496 -0.005551 0.999907
0.006905 12.5052 0.706353 0.103803 0.172877 0.009342 -0.00645 0.999936
0.00412 12.3287 0.705243 0.103676 0.196799 0.032915 -0.002093 0.999456
0.086995 12.5043 0.703834 0.112333 0.174469 0.01419 -0.005535 0.999884
0.006905 12.5052 0.706353 0.103803 0.172877 0.009342 -0.00645 0.999936
0.084529 12.3279 0.702943 0.112242 0.19842 0.012496 -0.005551 0.999907
0.440001 12.5001 0.510985 0.135128 0.186137 0.999902 -0.013976 -1.2e-05
0.437529 12.323 0.702937 0.150937 0.205494 0.999902 -0.013976 -1.2e-05
0.437535 12.3237 0.510091 0.13499 0.210295 0.999902 -0.013976 -1.2e-05
0.439993 12.4994 0.703831 0.151107 0.181427 0.999902 -0.013976 -1.2e-05
0.437529 12.323 0.702937 0.150937 0.205494 0.999902 -0.013976 -1.2e-05
0.440001 12.5001 0.510985 0.135128 0.186137 0.999902 -0.013976 -1.2e-05
0.004128 12.33 0.51235 0.087635 0.201462 -0.001441 0.006325 -0.999979
0.087004 12.505 0.510988 0.096279 0.179124 -0.01391 0.005532 -0.999888
0.084537 12.3286 0.510097 0.09622 0.203165 -0.012202 0.005547 -0.99991
0.006914 12.5064 0.51346 0.08773 0.17745 -0.008663 0.006439 -0.999942
0.087004 12.505 0.510988 0.096279 0.179124 -0.01391 0.005532 -0.999888
0.004128 12.33 0.51235 0.087635 0.201462 -0.001441 0.006325 -0.999979
-0.084494 12.3318 0.510853 0.077865 0.199652 0.010509 0.00702 -0.99992
0.006914 12.5064 0.51346 0.08773 0.17745 -0.008663 0.006439 -0.999942
0.004128 12.33 0.51235 0.087635 0.201462 -0.001441 0.006325 -0.999979
-0.081389 12.5082 0.512181 0.077993 0.175668 0.006114 0.007134 -0.999956
0.006914 12.5064 0.51346 0.08773 0.17745 -0.008663 0.006439 -0.999942
-0.084494 12.3318 0.510853 0.077865 0.199652 0.010509 0.00702 -0.99992
-0.416888 12.336 0.703849 0.058062 0.188338 -0.017608 -0.999808 -0.008653
-0.084494 12.3318 0.510853 0.077865 0.199652 -0.017608 -0.999808 -0.008653
-0.084503 12.3301 0.703811 0.093932 0.195059 -0.017608 -0.999808 -0.008653
-0.416882 12.3376 0.51089 0.041927 0.192879 -0.017608 -0.999808 -0.008653
-0.084494 12.3318 0.510853 0.077865 0.199652 -0.017608 -0.999808 -0.008653
-0.416888 12.336 0.703849 0.058062 0.188338 -0.017608 -0.999808 -0.008653
-0.416882 12.3376 0.51089 0.041927 0.192879 2e-05 0.007523 -0.999972
-0.081389 12.5082 0.512181 0.077993 0.175668 0.006114 0.007134 -0.999956
-0.084494 12.3318 0.510853 0.077865 0.199652 0.010509 0.00702 -0.99992
-0.413774 12.514 0.512215 0.041983 0.169004 2e-05 0.007523 -0.999972
-0.081389 12.5082 0.512181 0.077993 0.175668 0.006114 0.007134 -0.999956
-0.416882 12.3376 0.51089 0.041927 0.192879 2e-05 0.007523 -0.999972
-0.413774 12.514 0.512215 0.041983 0.169004 0.017606 0.999808 0.008647
-0.081395 12.5065 0.705139 0.094092 0.171166 0.017606 0.999808 0.008647
-0.081389 12.5082 0.512181 0.077993 0.175668 0.017606 0.999808 0.008647
-0.413783 12.5124 0.705177 0.058149 0.164552 0.017606 0.999808 0.008647
-0.081395 12.5065 0.705139 0.094092 0.171166 0.017606 0.999808 0.008647
-0.413774 12.514 0.512215 0.041983 0.169004 0.017606 0.999808 0.008647
-0.413783 12.5124 0.705177 0.058149 0.164552 -2e-05 -0.007523 0.999972
-0.084503 12.3301 0.703811 0.093932 0.195059 0.021262 -0.002701 0.99977
-0.081395 12.5065 0.705139 0.094092 0.171166 -0.005741 -0.00714 0.999958
-0.416888 12.336 0.703849 0.058062 0.188338 -2e-05 -0.007523 0.999972
-0.084503 12.3301 0.703811 0.093932 0.195059 0.021262 -0.002701 0.99977
-0.413783 12.5124 0.705177 0.058149 0.164552 -2e-05 -0.007523 0.999972
0.437535 12.3237 0.510091 0.13499 0.210295 -0.013975 -0.999896 -0.003716
0.084529 12.3279 0.702943 0.112242 0.19842 -0.013975 -0.999896 -0.003716
0.084537 12.3286 0.510097 0.09622 0.203165 -0.013975 -0.999896 -0.003716
0.437529 12.323 0.702937 0.150937 0.205494 -0.013975 -0.999896 -0.003716
0.084529 12.3279 0.702943 0.112242 0.19842 -0.013975 -0.999896 -0.003716
0.437535 12.3237 0.510091 0.13499 0.210295 -0.013975 -0.999896 -0.003716
0.437529 12.323 0.702937 0.150937 0.205494 -5.9e-05 -0.00506 0.999987
0.086995 12.5043 0.703834 0.112333 0.174469 0.01419 -0.005535 0.999884
0.084529 12.3279 0.702943 0.112242 0.19842 0.012496 -0.005551 0.999907
0.439993 12.4994 0.703831 0.151107 0.181427 -5.9e-05 -0.00506 0.999987
0.086995 12.5043 0.703834 0.112333 0.174469 0.01419 -0.005535 0.999884
0.437529 12.323 0.702937 0.150937 0.205494 -5.9e-05 -0.00506 0.999987
0.439993 12.4994 0.703831 0.151107 0.181427 0.013975 0.999896 0.00372
0.087004 12.505 0.510988 0.096279 0.179124 0.013975 0.999896 0.00372
0.086995 12.5043 0.703834 0.112333 0.174469 0.013975 0.999896 0.00372
0.440001 12.5001 0.510985 0.135128 0.186137 0.013975 0.999896 0.00372
0.087004 12.505 0.510988 0.096279 0.179124 0.013975 0.999896 0.00372
0.439993 12.4994 0.703831 0.151107 0.181427 0.013975 0.999896 0.00372
0.440001 12.5001 0.510985 0.135128 0.186137 5.9e-05 0.005061 -0.999987
0.084537 12.3286 0.510097 0.09622 0.203165 -0.012202 0.005547 -0.99991
0.087004 12.505 0.510988 0.096279 0.179124 -0.01391 0.005532 -0.999888
0.437535 12.3237 0.510091 0.13499 0.210295 5.9e-05 0.005061 -0.999987
0.084537 12.3286 0.510097 0.09622 0.203165 -0.012202 0.005547 -0.99991
0.440001 12.5001 0.510985 0.135128 0.186137 5.9e-05 0.005061 -0.999987
-1.3372 0.242516 0.582959 0.998008 0.299754 -0.999998 -0.002085 -0.000698
-1.34744 4.39008 2.86991 0.852763 0.217069 -0.999998 -0.002085 -0.000698
-1.34153 4.43794 0.587289 0.920615 0.173568 -0.999998 -0.002085 -0.000698
-1.33434 0.229564 2.86157 0.929744 0.342101 -0.999998 -0.002085 -0.000698
-1.34744 4.39008 2.86991 0.852763 0.217069 -0.999998 -0.002085 -0.000698
-1.3372 0.242516 0.582959 0.998008 0.299754 -0.999998 -0.002085 -0.000698
-1.34153 4.43794 0.587289 0.920615 0.173568 -0.99995 -0.009707 0.002497
-1.35185 6.08231 2.84879 0.82179 0.165681 -0.99995 -0.009707 0.002497
-1.3692 6.04487 0.587708 0.890995 0.125134 -0.99995 -0.009707 0.002497
-1.34744 4.39008 2.86991 0.852763 0.217069 -0.99995 -0.009707 0.002497
-1.35185 6.08231 2.84879 0.82179 0.165681 -0.99995 -0.009707 0.002497
-1.34153 4.43794 0.587289 0.920615 0.173568 -0.99995 -0.009707 0.002497
1.34912 0.251548 -2.10267 0.655062 0.658661 0 0 -1
3.57756 4.42787 -2.10267 0.825631 0.519641 0 0 -1
3.57756 0.251548 -2.10267 0.74948 0.699387 0 0 -1
1.3243 4.42787 -2.10267 0.728305 0.478915 0 0 -1
3.57756 4.42787 -2.10267 0.825631 0.519641 0 0 -1
1.34912 0.251548 -2.10267 0.655062 0.658661 0 0 -1
1.3507 0.244212 0.561257 0.608801 0.768935 -0.00259 0.015863 0.999871
3.57756 4.42787 0.500653 0.614608 0.978915 -0.002414 0.012542 0.999918
1.3243 4.42787 0.500653 0.524953 0.933759 -0.002154 0.007622 0.999969
3.57756 0.251548 0.572745 0.698633 0.811767 -0.00259 0.015863 0.999871
3.57756 4.42787 0.500653 0.614608 0.978915 -0.002414 0.012542 0.999918
1.3507 0.244212 0.561257 0.608801 0.768935 -0.00259 0.015863 0.999871
1.3507 0.244212 0.561257 0.608801 0.768935 0.000717 -0.999994 -0.003468
3.57756 0.251548 -2.10267 0.74948 0.699387 0.00165 -0.999998 -0.001374
3.57756 0.251548 0.572745 0.698633 0.811767 0.00165 -0.999998 -0.001374
1.34912 0.251548 -2.10267 0.655062 0.658661 0.000913 -0.999997 -0.002297
3.57756 0.251548 -2.10267 0.74948 0.699387 0.00165 -0.999998 -0.001374
1.3507 0.244212 0.561257 0.608801 0.768935 0.000717 -0.999994 -0.003468
3.57756 0.251548 -2.10267 0.74948 0.699387 1 0 -0
3.57756 4.42787 0.500653 0.937948 0.567213 1 0 -0
3.57756 0.251548 0.572745 0.864698 0.748441 1 0 -0
3.57756 4.42787 -2.10267 0.825631 0.519641 1 0 -0
3.57756 4.42787 0.500653 0.937948 0.567213 1 0 -0
3.57756 0.251548 -2.10267 0.74948 0.699387 1 0 -0
-3.57756 4.42787 0.500653 0.401113 0.348212 -1 0 -0
-3.57756 0.251548 -2.10267 0.443502 0.575575 -1 0 -0
-3.57756 0.251548 0.572745 0.32631 0.529773 -1 0 -0
-3.57756 4.42787 -2.10267 0.515116 0.393037 -1 0 -0
-3.57756 0.251548 -2.10267 0.443502 0.575575 -1 0 -0
-3.57756 4.42787 0.500653 0.401113 0.348212 -1 0 -0
-0.025879 8.01147 0.573765 0.233403 0.677597 -0.566553 0.824024 -0.001507
-1.38012 7.07468 -2.53655 0.109397 0.58293 -0.542999 0.839732 -0.001574
-1.3658 7.09564 0.599627 0.246287 0.606965 -0.542761 0.839886 -0.001575
-0.025431 8.01147 -2.53655 0.097661 0.655019 -0.566553 0.824024 -0.001507
-1.38012 7.07468 -2.53655 0.109397 0.58293 -0.542999 0.839732 -0.001574
-0.025879 8.01147 0.573765 0.233403 0.677597 -0.566553 0.824024 -0.001507
3.57756 4.42787 0.500653 0.614608 0.978915 -0.002414 0.012542 0.999918
1.26463 6.06242 0.554734 0.489345 0.997127 0 -0.033069 0.999453
1.3243 4.42787 0.500653 0.524953 0.933759 -0.002154 0.007622 0.999969
1.40174 7.13347 -2.53655 0.085739 0.728009 0.538829 0.842284 0.014864
4.85523 4.88788 0.630839 0.193329 0.930637 0.535549 0.844376 0.014715
4.85523 4.88788 -2.53655 0.055365 0.907289 0.535548 0.844377 0.014715
1.2145 7.14302 0.562223 0.221896 0.743547 0.538912 0.842231 0.014867
4.85523 4.88788 0.630839 0.193329 0.930637 0.535549 0.844376 0.014715
1.40174 7.13347 -2.53655 0.085739 0.728009 0.538829 0.842284 0.014864
3.57756 4.42787 -2.10267 0.825631 0.519641 0 0 -1
1.3243 4.42787 -2.10267 0.728305 0.478915 0 0 -1
1.36162 5.99905 -2.10267 0.758079 0.411387 0 0 -1
-4.26121 4.13302 0.630839 0.285208 0.385121 0.396028 -0.918239 -0
-3.57756 4.42787 -2.10267 0.171463 0.332467 0.396028 -0.918239 -0
-3.57756 4.42787 0.500653 0.285034 0.351686 0.396028 -0.918239 -0
-4.26121 4.13302 -2.53655 0.147023 0.361735 0.396028 -0.918239 -0
-3.57756 4.42787 -2.10267 0.171463 0.332467 0.396028 -0.918239 -0
-4.26121 4.13302 0.630839 0.285208 0.385121 0.396028 -0.918239 -0
-3.57756 4.42787 -2.10267 0.073429 0.43048 0.54266 -0.782067 -0.306417
-1.36479 6.13327 -2.53655 0.078094 0.555391 0.557504 -0.776195 -0.294465
-1.36423 5.97318 -2.10267 0.058741 0.548985 0.55591 -0.776845 -0.295764
-4.26121 4.13302 -2.53655 0.097519 0.400977 0.54266 -0.782067 -0.306417
-1.36479 6.13327 -2.53655 0.078094 0.555391 0.557504 -0.776195 -0.294465
-3.57756 4.42787 -2.10267 0.073429 0.43048 0.54266 -0.782067 -0.306417
3.57756 4.42787 -2.10267 0.062699 0.978838 -0.288396 -0.957511 -0
4.19608 4.24158 0.630839 0.186526 0.97086 -0.288395 -0.957511 -0
3.57756 4.42787 0.500653 0.1761 0.99804 -0.288396 -0.957511 -0
4.19608 4.24158 -2.53655 0.04856 0.947497 -0.288396 -0.957511 -0
4.19608 4.24158 0.630839 0.186526 0.97086 -0.288395 -0.957511 -0
3.57756 4.42787 -2.10267 0.062699 0.978838 -0.288396 -0.957511 -0
3.57756 4.42787 0.500653 0.247042 0.900995 -0.315781 -0.474036 0.821932
4.19608 4.24158 0.630839 0.23396 0.927016 -0.315781 -0.474036 0.821932
1.26463 6.06242 0.554734 0.256804 0.776206 -0.315781 -0.474036 0.821932
3.57756 4.42787 -2.10267 0.001992 0.861246 -0.531212 -0.768886 -0.355849
1.42045 6.119 -2.53655 0.044963 0.746411 -0.536731 -0.776666 -0.329713
4.19608 4.24158 -2.53655 0.017583 0.891917 -0.531212 -0.768886 -0.355849
1.36162 5.99905 -2.10267 0.025108 0.74336 -0.536657 -0.776561 -0.33008
1.42045 6.119 -2.53655 0.044963 0.746411 -0.536731 -0.776666 -0.329713
3.57756 4.42787 -2.10267 0.001992 0.861246 -0.531212 -0.768886 -0.355849
-4.85523 4.88788 0.630839 0.278117 0.427025 -0.785855 -0.618411 -0
-4.26121 4.13302 -2.53655 0.147023 0.361735 -0.785855 -0.618411 -0
-4.26121 4.13302 0.630839 0.285208 0.385121 -0.785855 -0.618411 -0
-4.85523 4.88788 -2.53655 0.139933 0.403637 -0.785855 -0.618411 -0
-4.26121 4.13302 -2.53655 0.147023 0.361735 -0.785855 -0.618411 -0
-4.85523 4.88788 0.630839 0.278117 0.427025 -0.785855 -0.618411 -0
-4.85523 4.88788 -2.53655 0.139933 0.403637 0 0 -1
-1.36479 6.13327 -2.53655 0.078094 0.555391 0 0 -1
-4.26121 4.13302 -2.53655 0.097519 0.400977 0 0 -1
-1.38012 7.07468 -2.53655 0.109397 0.58293 0 0 -1
-1.36479 6.13327 -2.53655 0.078094 0.555391 0 0 -1
-4.85523 4.88788 -2.53655 0.139933 0.403637 0 0 -1
4.85523 4.88788 -2.53655 0.055365 0.907289 0.70011 -0.714035 -0
4.19608 4.24158 0.630839 0.186526 0.97086 0.70011 -0.714035 -0
4.19608 4.24158 -2.53655 0.04856 0.947497 0.70011 -0.714035 -0
4.85523 4.88788 0.630839 0.193329 0.930637 0.70011 -0.714035 -0
4.19608 4.24158 0.630839 0.186526 0.97086 0.70011 -0.714035 -0
4.85523 4.88788 -2.53655 0.055365 0.907289 0.70011 -0.714035 -0
1.26463 6.06242 0.554734 0.256804 0.776206 -0.020271 0.002814 0.999791
4.85523 4.88788 0.630839 0.193329 0.930637 -0.020271 0.002814 0.999791
1.2145 7.14302 0.562223 0.221896 0.743547 -0.020271 0.002814 0.999791
4.19608 4.24158 0.630839 0.23396 0.927016 -0.020271 0.002814 0.999791
4.85523 4.88788 0.630839 0.193329 0.930637 -0.020271 0.002814 0.999791
1.26463 6.06242 0.554734 0.256804 0.776206 -0.020271 0.002814 0.999791
1.42045 6.119 -2.53655 0.044963 0.746411 0 0 -1
4.85523 4.88788 -2.53655 0.055365 0.907289 0 0 -1
4.19608 4.24158 -2.53655 0.017583 0.891917 0 0 -1
1.40174 7.13347 -2.53655 0.085739 0.728009 0 0 -1
4.85523 4.88788 -2.53655 0.055365 0.907289 0 0 -1
1.42045 6.119 -2.53655 0.044963 0.746411 0 0 -1
-1.33908 0.251548 -2.10267 0.540795 0.612777 0 0 -1
1.3243 4.42787 -2.10267 0.728305 0.478915 0 0 -1
1.34912 0.251548 -2.10267 0.655062 0.658661 0 0 -1
-1.33908 4.42787 -2.10267 0.612803 0.431886 0 0 -1
1.3243 4.42787 -2.10267 0.728305 0.478915 0 0 -1
-1.33908 0.251548 -2.10267 0.540795 0.612777 0 0 -1
-1.33908 0.251548 -2.10267 0.540795 0.612777 -0.000751 -0.999997 -0.002433
1.3507 0.244212 0.561257 0.608801 0.768935 0.000717 -0.999994 -0.003468
-1.3372 0.242516 0.582959 0.497729 0.726462 -0.000416 -0.999993 -0.003595
1.34912 0.251548 -2.10267 0.655062 0.658661 0.000913 -0.999997 -0.002297
1.3507 0.244212 0.561257 0.608801 0.768935 0.000717 -0.999994 -0.003468
-1.33908 0.251548 -2.10267 0.540795 0.612777 -0.000751 -0.999997 -0.002433
-3.57756 4.42787 -2.10267 0.515116 0.393037 0 0 -1
-1.33908 0.251548 -2.10267 0.540795 0.612777 0 0 -1
-3.57756 0.251548 -2.10267 0.443502 0.575575 0 0 -1
-1.33908 4.42787 -2.10267 0.612803 0.431886 0 0 -1
-1.33908 0.251548 -2.10267 0.540795 0.612777 0 0 -1
-3.57756 4.42787 -2.10267 0.515116 0.393037 0 0 -1
-3.57756 0.251548 0.572745 0.400591 0.692883 -0.002013 -0.999997 -0.001684
-1.33908 0.251548 -2.10267 0.540795 0.612777 -0.000751 -0.999997 -0.002433
-1.3372 0.242516 0.582959 0.497729 0.726462 -0.000416 -0.999993 -0.003595
-3.57756 0.251548 -2.10267 0.443502 0.575575 -0.002013 -0.999997 -0.001684
-1.33908 0.251548 -2.10267 0.540795 0.612777 -0.000751 -0.999997 -0.002433
-3.57756 0.251548 0.572745 0.400591 0.692883 -0.002013 -0.999997 -0.001684
-3.57756 0.251548 0.572745 0.400591 0.692883 -0.021633 0.008081 0.999733
-1.34153 4.43794 0.587289 0.437733 0.909465 -0.024367 0.006639 0.999681
-3.57756 4.42787 0.500653 0.339613 0.876794 -0.02278 0.007476 0.999713
-1.3372 0.242516 0.582959 0.497729 0.726462 -0.021633 0.008081 0.999733
-1.34153 4.43794 0.587289 0.437733 0.909465 -0.024367 0.006639 0.999681
-3.57756 0.251548 0.572745 0.400591 0.692883 -0.021633 0.008081 0.999733
-0.025431 8.01147 -2.53655 0.097661 0.655019 0.547733 0.836514 0.015269
1.2145 7.14302 0.562223 0.221896 0.743547 0.538912 0.842231 0.014867
1.40174 7.13347 -2.53655 0.085739 0.728009 0.538829 0.842284 0.014864
-0.025879 8.01147 0.573765 0.233403 0.677597 0.547733 0.836514 0.015269
1.2145 7.14302 0.562223 0.221896 0.743547 0.538912 0.842231 0.014867
-0.025431 8.01147 -2.53655 0.097661 0.655019 0.547733 0.836514 0.015269
-0.048924 7.12999 -2.53655 0.061012 0.668925 0 0 -1
1.40174 7.13347 -2.53655 0.085739 0.728009 0 0 -1
1.42045 6.119 -2.53655 0.044963 0.746411 0 0 -1
-0.025431 8.01147 -2.53655 0.097661 0.655019 0 0 -1
1.40174 7.13347 -2.53655 0.085739 0.728009 0 0 -1
-0.048924 7.12999 -2.53655 0.061012 0.668925 0 0 -1
-0.049827 6.97983 -2.10267 0.040595 0.66852 -0.545435 -0.788896 -0.283096
1.42045 6.119 -2.53655 0.044963 0.746411 -0.536731 -0.776666 -0.329713
1.36162 5.99905 -2.10267 0.025108 0.74336 -0.536657 -0.776561 -0.33008
-0.048924 7.12999 -2.53655 0.061012 0.668925 -0.545435 -0.788896 -0.283096
1.42045 6.119 -2.53655 0.044963 0.746411 -0.536731 -0.776666 -0.329713
-0.049827 6.97983 -2.10267 0.040595 0.66852 -0.545435 -0.788896 -0.283096
-3.57756 4.42787 -2.10267 0.515116 0.393037 0 0 -1
-1.36423 5.97318 -2.10267 0.638885 0.364042 0 0 -1
-1.33908 4.42787 -2.10267 0.612803 0.431886 0 0 -1
-1.36423 5.97318 -2.10267 0.638885 0.364042 0 0 -1
1.3243 4.42787 -2.10267 0.728305 0.478915 0 0 -1
-1.33908 4.42787 -2.10267 0.612803 0.431886 0 0 -1
-1.36423 5.97318 -2.10267 0.638885 0.364042 0 0 -1
1.36162 5.99905 -2.10267 0.758079 0.411387 0 0 -1
1.3243 4.42787 -2.10267 0.728305 0.478915 0 0 -1
-1.36423 5.97318 -2.10267 0.638885 0.364042 0 0 -1
-0.049827 6.97983 -2.10267 0.714094 0.343464 0 0 -1
1.36162 5.99905 -2.10267 0.758079 0.411387 0 0 -1
-1.36479 6.13327 -2.53655 0.078094 0.555391 0.557504 -0.776195 -0.294465
-0.049827 6.97983 -2.10267 0.051298 0.621401 0.582843 -0.765225 -0.273357
-1.36423 5.97318 -2.10267 0.058741 0.548985 0.55591 -0.776845 -0.295764
-0.048924 7.12999 -2.53655 0.070539 0.627436 0.582843 -0.765225 -0.273357
-0.049827 6.97983 -2.10267 0.051298 0.621401 0.582843 -0.765225 -0.273357
-1.36479 6.13327 -2.53655 0.078094 0.555391 0.557504 -0.776195 -0.294465
-1.38012 7.07468 -2.53655 0.109397 0.58293 0 0 -1
-0.048924 7.12999 -2.53655 0.070539 0.627436 0 0 -1
-1.36479 6.13327 -2.53655 0.078094 0.555391 0 0 -1
-0.025431 8.01147 -2.53655 0.097661 0.655019 0 0 -1
-0.048924 7.12999 -2.53655 0.070539 0.627436 0 0 -1
-1.38012 7.07468 -2.53655 0.109397 0.58293 0 0 -1
-3.57756 4.42787 0.500653 0.339613 0.876794 -0.02278 0.007476 0.999713
-1.34153 4.43794 0.587289 0.437733 0.909465 -0.024367 0.006639 0.999681
-1.3692 6.04487 0.587708 0.413888 0.979861 -0.038713 -0.000927 0.99925
-4.26121 4.13302 0.630839 0.318998 0.438682 0.381829 -0.561012 0.734487
-3.57756 4.42787 0.500653 0.32044 0.472096 0.381829 -0.561012 0.734487
-1.3692 6.04487 0.587708 0.289244 0.589186 0.381829 -0.561012 0.734487
-4.85523 4.88788 0.630839 0.278117 0.427025 0.013136 -0.002303 0.999911
-1.3692 6.04487 0.587708 0.289244 0.589186 0.013136 -0.002303 0.999911
-1.3658 7.09564 0.599627 0.246287 0.606965 0.013136 -0.002303 0.999911
-4.26121 4.13302 0.630839 0.318998 0.438682 0.013136 -0.002303 0.999911
-1.3692 6.04487 0.587708 0.289244 0.589186 0.013136 -0.002303 0.999911
-4.85523 4.88788 0.630839 0.278117 0.427025 0.013136 -0.002303 0.999911
-1.3658 7.09564 0.599627 0.246287 0.606965 -0.542761 0.839886 -0.001575
-4.85523 4.88788 -2.53655 0.139933 0.403637 -0.533642 0.845709 -0.0016
-4.85523 4.88788 0.630839 0.278117 0.427025 -0.533642 0.845709 -0.0016
-1.38012 7.07468 -2.53655 0.109397 0.58293 -0.542999 0.839732 -0.001574
-4.85523 4.88788 -2.53655 0.139933 0.403637 -0.533642 0.845709 -0.0016
-1.3658 7.09564 0.599627 0.246287 0.606965 -0.542761 0.839886 -0.001575
-1.91905 8.60687 3.38357 0.367854 0.04439 -0.000634 -0.006321 0.99998
-0.079446 9.19074 3.38843 0.40407 0.066374 -0.000629 -0.001807 0.999998
-1.92088 9.18361 3.38977 0.365546 0.060915 -0.000634 -0.006321 0.99998
-0.082433 8.58963 3.38718 0.4063 0.045785 -0.000629 -0.001822 0.999998
-0.079446 9.19074 3.38843 0.40407 0.066374 -0.000629 -0.001807 0.999998
-1.91905 8.60687 3.38357 0.367854 0.04439 -0.000634 -0.006321 0.99998
-0.094631 11.7549 0.713131 0.318118 0.199135 -0.000608 0.048585 -0.998819
-0.11284 11.3669 0.694273 0.309398 0.189168 -0.058727 0.031313 -0.997783
-0.306118 11.3712 0.694595 0.314286 0.184669 -0.05883 0.031282 -0.997778
1.70517 9.23071 0.190594 0.346517 0.317783 0.998547 0.011774 -0.052582
1.88148 8.57119 3.39104 0.412594 0.326058 0.998547 0.011774 -0.052582
1.68454 8.65442 0.154647 0.35089 0.338314 0.998547 0.011774 -0.052582
1.84835 9.19821 3.38702 0.406572 0.306595 0.998547 0.011774 -0.052582
1.88148 8.57119 3.39104 0.412594 0.326058 0.998547 0.011774 -0.052582
1.70517 9.23071 0.190594 0.346517 0.317783 0.998547 0.011774 -0.052582
-0.094631 11.7549 0.713131 0.319711 0.198783 -0.840515 0.541766 -0.004933
-0.009685 11.9093 2.89518 0.39293 0.180519 -0.840515 0.541766 -0.004933
-0.004965 11.7535 0.701621 0.320192 0.201865 -0.840515 0.541766 -0.004933
-0.094631 11.7549 0.713131 0.319711 0.198783 -0.840515 0.541766 -0.004933
-0.301584 11.3719 2.88815 0.385871 0.160676 -0.894949 0.446163 0.002149
-0.009685 11.9093 2.89518 0.39293 0.180519 -0.840515 0.541766 -0.004933
-0.301584 11.3719 2.88815 0.385871 0.160676 -0.894949 0.446163 0.002149
-0.094631 11.7549 0.713131 0.319711 0.198783 -0.840515 0.541766 -0.004933
-0.306118 11.3712 0.694595 0.314286 0.184669 -0.895949 0.444151 0.002294
0.286747 11.3709 2.8905 0.397307 0.201218 0.901852 0.432044 -0.001208
-0.004965 11.7535 0.701621 0.320192 0.201865 0.844858 0.534956 -0.006108
-0.009685 11.9093 2.89518 0.39293 0.180519 0.844858 0.534956 -0.006108
0.286747 11.3709 2.8905 0.397307 0.201218 0.901852 0.432044 -0.001208
0.076488 11.7526 0.700031 0.320534 0.204655 0.844858 0.534955 -0.006108
-0.004965 11.7535 0.701621 0.320192 0.201865 0.844858 0.534956 -0.006108
0.286747 11.3709 2.8905 0.397307 0.201218 0.901852 0.432044 -0.001208
0.282213 11.3701 0.69694 0.32408 0.219181 0.902246 0.43122 -0.00117
0.076488 11.7526 0.700031 0.320534 0.204655 0.844858 0.534955 -0.006108
-1.91905 8.60687 3.38357 0.346246 0.043377 -0.999153 -3.4e-05 -0.041138
-1.78772 9.21863 0.193322 0.278702 0.091794 -0.999153 -3.4e-05 -0.041138
-1.78778 8.63321 0.157432 0.27039 0.073398 -0.999153 -3.4e-05 -0.041138
-1.92088 9.18361 3.38977 0.350921 0.061213 -0.999153 -3.4e-05 -0.041138
-1.78772 9.21863 0.193322 0.278702 0.091794 -0.999153 -3.4e-05 -0.041138
-1.91905 8.60687 3.38357 0.346246 0.043377 -0.999153 -3.4e-05 -0.041138
1.28999 4.41063 2.86845 0.773128 0.265478 0.999868 0.014781 0.006801
1.3507 0.244212 0.561257 0.779219 0.433731 0.999919 0.010832 0.006747
1.3243 4.42787 0.500653 0.70111 0.308277 0.999868 0.014753 0.006801
1.35385 0.229564 2.86157 0.849114 0.392253 0.999919 0.010832 0.006747
1.3507 0.244212 0.561257 0.779219 0.433731 0.999919 0.010832 0.006747
1.28999 4.41063 2.86845 0.773128 0.265478 0.999868 0.014781 0.006801
-1.34744 4.39008 2.86991 0.852763 0.217069 0.00033 0.002253 0.999997
-0.05852 0.229564 2.86157 0.891497 0.365889 0.000281 -0.001824 0.999998
-0.041375 4.40026 2.86919 0.813312 0.240982 0.000324 0.002225 0.999998
-1.33434 0.229564 2.86157 0.929744 0.342101 0.000287 -0.001917 0.999998
-0.05852 0.229564 2.86157 0.891497 0.365889 0.000281 -0.001824 0.999998
-1.34744 4.39008 2.86991 0.852763 0.217069 0.00033 0.002253 0.999997
-1.35185 6.08231 2.84879 0.82179 0.165681 0.000284 -0.00154 0.999999
-0.041375 4.40026 2.86919 0.813312 0.240982 0.000324 0.002225 0.999998
-0.034199 6.07366 2.84835 0.781877 0.190526 0.000285 -0.001482 0.999999
-1.34744 4.39008 2.86991 0.852763 0.217069 0.00033 0.002253 0.999997
-0.041375 4.40026 2.86919 0.813312 0.240982 0.000324 0.002225 0.999998
-1.35185 6.08231 2.84879 0.82179 0.165681 0.000284 -0.00154 0.999999
1.26463 6.06242 0.554734 0.672805 0.257866 0.99995 0.00756 -0.006484
1.28999 4.41063 2.86845 0.773128 0.265478 0.999868 0.014781 0.006801
1.3243 4.42787 0.500653 0.70111 0.308277 0.999868 0.014753 0.006801
1.26692 6.06513 2.84792 0.742353 0.215146 0.999952 0.007057 -0.00687
1.28999 4.41063 2.86845 0.773128 0.265478 0.999868 0.014781 0.006801
1.26463 6.06242 0.554734 0.672805 0.257866 0.99995 0.00756 -0.006484
1.35385 0.229564 2.86157 0.849114 0.392253 0.000291 -0.999982 -0.006028
-1.3372 0.242516 0.582959 0.97251 0.410333 -0.000416 -0.999993 -0.003595
1.3507 0.244212 0.561257 0.892262 0.461275 0.000717 -0.999994 -0.003468
-0.05852 0.229564 2.86157 0.891497 0.365889 0.000291 -0.999982 -0.006028
-1.3372 0.242516 0.582959 0.97251 0.410333 -0.000416 -0.999993 -0.003595
1.35385 0.229564 2.86157 0.849114 0.392253 0.000291 -0.999982 -0.006028
-0.05852 0.229564 2.86157 0.891497 0.365889 0.000291 -0.999982 -0.006028
-1.33434 0.229564 2.86157 0.929744 0.342101 0.000291 -0.999982 -0.006028
-1.3372 0.242516 0.582959 0.97251 0.410333 -0.000416 -0.999993 -0.003595
-0.009685 11.9093 2.89518 0.39293 0.180519 -0.003912 -0.00863 0.999955
-0.301584 11.3719 2.88815 0.385871 0.160676 -0.001564 -0.003868 0.999991
-0.013635 11.3717 2.89053 0.395711 0.161858 -0.000823 -0.004382 0.99999
-1.36564 8.7153 0.661781 0.840026 0.045717 -0.045421 0.038368 -0.998231
-0.025879 8.01147 0.573765 0.893283 0.040559 -0.004964 0.045818 -0.998938
-1.3658 7.09564 0.599627 0.871439 0.093605 -0.045421 0.038368 -0.998231
-0.023223 8.76982 0.602887 0.878614 0.018116 -0.004791 0.04585 -0.998937
-0.025879 8.01147 0.573765 0.893283 0.040559 -0.004964 0.045818 -0.998938
-1.36564 8.7153 0.661781 0.840026 0.045717 -0.045421 0.038368 -0.998231
-0.025879 8.01147 0.573765 0.599628 0.220957 -0.004964 0.045818 -0.998938
1.27156 8.73744 0.661681 0.6261 0.175516 0.037635 0.053577 -0.997854
1.2145 7.14302 0.562223 0.652945 0.225259 0.037635 0.053577 -0.997854
-0.023223 8.76982 0.602887 0.586155 0.197819 -0.004791 0.04585 -0.998937
1.27156 8.73744 0.661681 0.6261 0.175516 0.037635 0.053577 -0.997854
-0.025879 8.01147 0.573765 0.599628 0.220957 -0.004964 0.045818 -0.998938
-0.01724 9.23273 0.080416 0.295313 0.311258 -0.001042 0.041728 -0.999128
1.68454 8.65442 0.154647 0.334651 0.33331 0.05753 0.04126 -0.997491
-0.018201 8.71558 0.069891 0.292237 0.328796 -0.001475 0.04173 -0.999128
1.70517 9.23071 0.190594 0.336283 0.317623 0.05753 0.04126 -0.997491
1.68454 8.65442 0.154647 0.334651 0.33331 0.05753 0.04126 -0.997491
-0.01724 9.23273 0.080416 0.295313 0.311258 -0.001042 0.041728 -0.999128
-1.78772 9.21863 0.193322 0.27091 0.091413 -0.057624 0.042044 -0.997453
-0.018201 8.71558 0.069891 0.227513 0.110411 -0.001475 0.04173 -0.999128
-1.78778 8.63321 0.157432 0.256994 0.076784 -0.057624 0.042044 -0.997453
-0.01724 9.23273 0.080416 0.239727 0.123362 -0.001042 0.041728 -0.999128
-0.018201 8.71558 0.069891 0.227513 0.110411 -0.001475 0.04173 -0.999128
-1.78772 9.21863 0.193322 0.27091 0.091413 -0.057624 0.042044 -0.997453
1.2145 7.14302 0.562223 0.652945 0.225259 0.999867 -0.004482 -0.015712
1.26692 6.06513 2.84792 0.742353 0.215146 0.999952 0.007057 -0.00687
1.26463 6.06242 0.554734 0.672805 0.257866 0.99995 0.00756 -0.006484
1.2145 7.14302 0.562223 0.652945 0.225259 0.999867 -0.004482 -0.015712
1.28682 8.67678 2.87522 0.693802 0.135901 0.999867 -0.004482 -0.015712
1.26692 6.06513 2.84792 0.742353 0.215146 0.999952 0.007057 -0.00687
1.2145 7.14302 0.562223 0.652945 0.225259 0.999867 -0.004482 -0.015712
1.27156 8.73744 0.661681 0.6261 0.175516 0.999867 -0.004482 -0.015712
1.28682 8.67678 2.87522 0.693802 0.135901 0.999867 -0.004482 -0.015712
-1.35185 6.08231 2.84879 0.82179 0.165681 0.000284 -0.00154 0.999999
-0.024218 8.68889 2.87549 0.733192 0.111371 0.00019 -0.010379 0.999946
-1.35981 8.70122 2.87578 0.773278 0.086394 0.000189 -0.010342 0.999947
-0.034199 6.07366 2.84835 0.781877 0.190526 0.000285 -0.001482 0.999999
-0.024218 8.68889 2.87549 0.733192 0.111371 0.00019 -0.010379 0.999946
-1.35185 6.08231 2.84879 0.82179 0.165681 0.000284 -0.00154 0.999999
-1.35185 6.08231 2.84879 0.82179 0.165681 -0.999988 -0.00091 0.004717
-1.3658 7.09564 0.599627 0.871439 0.093605 -0.999988 -0.00091 0.004717
-1.3692 6.04487 0.587708 0.890995 0.125134 -0.999988 -0.00091 0.004717
-1.35981 8.70122 2.87578 0.773278 0.086394 -0.999988 -0.00091 0.004717
-1.3658 7.09564 0.599627 0.871439 0.093605 -0.999988 -0.00091 0.004717
-1.35185 6.08231 2.84879 0.82179 0.165681 -0.999988 -0.00091 0.004717
-1.35981 8.70122 2.87578 0.773278 0.086394 -0.999988 -0.00091 0.004717
-1.36564 8.7153 0.661781 0.840026 0.045717 -0.999988 -0.00091 0.004717
-1.3658 7.09564 0.599627 0.871439 0.093605 -0.999988 -0.00091 0.004717
-1.36107 9.09829 2.88005 0.35815 0.078931 0.12943 0.990758 -0.040589
-0.079446 9.19074 3.38843 0.40407 0.066374 -0.004751 0.986378 -0.164423
-0.022556 9.10629 2.88002 0.403954 0.08423 -0.00475 0.986404 -0.164269
-1.92088 9.18361 3.38977 0.365546 0.060915 0.060033 0.992466 -0.106804
-0.079446 9.19074 3.38843 0.40407 0.066374 -0.004751 0.986378 -0.164423
-1.36107 9.09829 2.88005 0.35815 0.078931 0.12943 0.990758 -0.040589
-0.082433 8.58963 3.38718 0.4063 0.045785 -0.008947 -0.981469 -0.191413
-1.35981 8.70122 2.87578 0.364316 0.023453 0.12191 -0.9907 -0.060427
-0.024218 8.68889 2.87549 0.410088 0.028124 -0.008947 -0.981473 -0.191393
-1.91905 8.60687 3.38357 0.367854 0.04439 0.054189 -0.990136 -0.129207
-1.35981 8.70122 2.87578 0.364316 0.023453 0.12191 -0.9907 -0.060427
-0.082433 8.58963 3.38718 0.4063 0.045785 -0.008947 -0.981469 -0.191413
1.68454 8.65442 0.154647 0.35089 0.338314 -0.078114 -0.993827 0.078773
1.28682 8.67678 2.87522 0.418673 0.341554 -0.183791 -0.982786 -0.01879
1.27156 8.73744 0.661681 0.352552 0.3512 -0.146201 -0.989121 0.016276
1.88148 8.57119 3.39104 0.412594 0.326058 -0.183791 -0.982786 -0.01879
1.28682 8.67678 2.87522 0.418673 0.341554 -0.183791 -0.982786 -0.01879
1.68454 8.65442 0.154647 0.35089 0.338314 -0.078114 -0.993827 0.078773
1.29029 9.11414 2.87999 0.417311 0.283771 -0.128515 0.99092 -0.039525
1.70517 9.23071 0.190594 0.346517 0.317783 -0.058999 0.987933 0.143206
1.28576 9.1342 0.68643 0.343836 0.301121 -0.137615 0.988567 0.061623
1.84835 9.19821 3.38702 0.406572 0.306595 -0.063937 0.992545 -0.103765
1.70517 9.23071 0.190594 0.346517 0.317783 -0.058999 0.987933 0.143206
1.29029 9.11414 2.87999 0.417311 0.283771 -0.128515 0.99092 -0.039525
-1.35981 8.70122 2.87578 0.337224 0.02542 0.12191 -0.9907 -0.060427
-1.78778 8.63321 0.157432 0.27039 0.073398 0.083447 -0.993258 0.08047
-1.36564 8.7153 0.661781 0.267463 0.056095 0.142385 -0.989415 0.027996
-1.91905 8.60687 3.38357 0.346246 0.043377 0.054189 -0.990136 -0.129207
-1.78778 8.63321 0.157432 0.27039 0.073398 0.083447 -0.993258 0.08047
-1.35981 8.70122 2.87578 0.337224 0.02542 0.12191 -0.9907 -0.060427
-1.78772 9.21863 0.193322 0.278702 0.091794 0.053521 0.987375 0.149083
-1.36107 9.09829 2.88005 0.35815 0.078931 0.12943 0.990758 -0.040589
-1.3656 9.11835 0.68649 0.286752 0.103512 0.137587 0.988388 0.064484
-1.92088 9.18361 3.38977 0.350921 0.061213 0.060033 0.992466 -0.106804
-1.36107 9.09829 2.88005 0.35815 0.078931 0.12943 0.990758 -0.040589
-1.78772 9.21863 0.193322 0.278702 0.091794 0.053521 0.987375 0.149083
-0.018201 8.71558 0.069891 0.292237 0.328796 0.006824 -0.993501 0.113618
1.27156 8.73744 0.661681 0.332812 0.355985 -0.146201 -0.989121 0.016276
-0.023223 8.76982 0.602887 0.289113 0.346966 0.006935 -0.993501 0.113611
1.68454 8.65442 0.154647 0.334651 0.33331 -0.078114 -0.993827 0.078773
1.27156 8.73744 0.661681 0.332812 0.355985 -0.146201 -0.989121 0.016276
-0.018201 8.71558 0.069891 0.292237 0.328796 0.006824 -0.993501 0.113618
1.28576 9.1342 0.68643 0.343836 0.301121 -0.137615 0.988567 0.061623
-0.01724 9.23273 0.080416 0.295313 0.311258 -0.004177 0.981227 0.192813
-0.022562 9.12586 0.610132 0.299445 0.29313 -0.004142 0.981224 0.192827
1.70517 9.23071 0.190594 0.336283 0.317623 -0.058999 0.987933 0.143206
-0.01724 9.23273 0.080416 0.295313 0.311258 -0.004177 0.981227 0.192813
1.28576 9.1342 0.68643 0.343836 0.301121 -0.137615 0.988567 0.061623
-1.36564 8.7153 0.661781 0.247233 0.063766 0.142385 -0.989415 0.027996
-0.018201 8.71558 0.069891 0.227513 0.110411 0.006824 -0.993501 0.113618
-0.023223 8.76982 0.602887 0.214948 0.096918 0.006935 -0.993501 0.113611
-1.78778 8.63321 0.157432 0.256994 0.076784 0.083447 -0.993258 0.08047
-0.018201 8.71558 0.069891 0.227513 0.110411 0.006824 -0.993501 0.113618
-1.36564 8.7153 0.661781 0.247233 0.063766 0.142385 -0.989415 0.027996
-0.01724 9.23273 0.080416 0.239727 0.123362 -0.004177 0.981227 0.192813
-1.3656 9.11835 0.68649 0.286752 0.103512 0.137587 0.988388 0.064484
-0.022562 9.12586 0.610132 0.253557 0.135802 -0.004142 0.981224 0.192827
-1.78772 9.21863 0.193322 0.27091 0.091413 0.053521 0.987375 0.149083
-1.3656 9.11835 0.68649 0.286752 0.103512 0.137587 0.988388 0.064484
-0.01724 9.23273 0.080416 0.239727 0.123362 -0.004177 0.981227 0.192813
-0.009685 11.9093 2.89518 0.39293 0.180519 -0.003912 -0.00863 0.999955
-0.013635 11.3717 2.89053 0.40539 0.194787 -0.000823 -0.004382 0.99999
0.286747 11.3709 2.8905 0.397307 0.201218 5.5e-05 -0.004724 0.999989
-0.079446 9.19074 3.38843 0.465538 0.26932 -0.004751 0.986378 -0.164423
1.29029 9.11414 2.87999 0.417311 0.283771 -0.128515 0.99092 -0.039525
-0.022556 9.10629 2.88002 0.453262 0.256392 -0.00475 0.986404 -0.164269
1.84835 9.19821 3.38702 0.437406 0.291075 -0.063937 0.992545 -0.103765
1.29029 9.11414 2.87999 0.417311 0.283771 -0.128515 0.99092 -0.039525
-0.079446 9.19074 3.38843 0.465538 0.26932 -0.004751 0.986378 -0.164423
-0.082433 8.58963 3.38718 0.478196 0.285665 -0.000629 -0.001822 0.999998
1.84835 9.19821 3.38702 0.437406 0.291075 -0.000625 0.002239 0.999997
-0.079446 9.19074 3.38843 0.465538 0.26932 -0.000629 -0.001807 0.999998
1.88148 8.57119 3.39104 0.443918 0.318753 -0.000625 0.002239 0.999997
1.84835 9.19821 3.38702 0.437406 0.291075 -0.000625 0.002239 0.999997
-0.082433 8.58963 3.38718 0.478196 0.285665 -0.000629 -0.001822 0.999998
1.28682 8.67678 2.87522 0.45566 0.329012 -0.008945 -0.981546 -0.191018
-0.082433 8.58963 3.38718 0.478196 0.285665 -0.008947 -0.981469 -0.191413
-0.024218 8.68889 2.87549 0.487729 0.300976 -0.008947 -0.981473 -0.191393
1.88148 8.57119 3.39104 0.443918 0.318753 -0.008945 -0.981546 -0.191018
-0.082433 8.58963 3.38718 0.478196 0.285665 -0.008947 -0.981469 -0.191413
1.28682 8.67678 2.87522 0.45566 0.329012 -0.008945 -0.981546 -0.191018
-0.034199 6.07366 2.84835 0.781877 0.190526 0.000285 -0.001482 0.999999
1.28682 8.67678 2.87522 0.693802 0.135901 0.00019 -0.010417 0.999946
-0.024218 8.68889 2.87549 0.733192 0.111371 0.00019 -0.010379 0.999946
1.26692 6.06513 2.84792 0.742353 0.215146 0.000287 -0.001421 0.999999
1.28682 8.67678 2.87522 0.693802 0.135901 0.00019 -0.010417 0.999946
-0.034199 6.07366 2.84835 0.781877 0.190526 0.000285 -0.001482 0.999999
-0.041375 4.40026 2.86919 0.813312 0.240982 0.000324 0.002225 0.999998
1.26692 6.06513 2.84792 0.742353 0.215146 0.000287 -0.001421 0.999999
-0.034199 6.07366 2.84835 0.781877 0.190526 0.000285 -0.001482 0.999999
1.28999 4.41063 2.86845 0.773128 0.265478 0.000319 0.002152 0.999998
1.26692 6.06513 2.84792 0.742353 0.215146 0.000287 -0.001421 0.999999
-0.041375 4.40026 2.86919 0.813312 0.240982 0.000324 0.002225 0.999998
-0.05852 0.229564 2.86157 0.891497 0.365889 0.000281 -0.001824 0.999998
1.28999 4.41063 2.86845 0.773128 0.265478 0.000319 0.002152 0.999998
-0.041375 4.40026 2.86919 0.813312 0.240982 0.000324 0.002225 0.999998
1.35385 0.229564 2.86157 0.849114 0.392253 0.000275 -0.001736 0.999999
1.28999 4.41063 2.86845 0.773128 0.265478 0.000319 0.002152 0.999998
-0.05852 0.229564 2.86157 0.891497 0.365889 0.000281 -0.001824 0.999998
-1.36107 9.09829 2.88005 0.35815 0.078931 -0.905674 0.423959 0.003735
-0.306118 11.3712 0.694595 0.314286 0.184669 -0.895949 0.444151 0.002294
-1.3656 9.11835 0.68649 0.286752 0.103512 -0.905674 0.423959 0.003735
-0.301584 11.3719 2.88815 0.385871 0.160676 -0.894949 0.446163 0.002149
-0.306118 11.3712 0.694595 0.314286 0.184669 -0.895949 0.444151 0.002294
-1.36107 9.09829 2.88005 0.35815 0.078931 -0.905674 0.423959 0.003735
0.286747 11.3709 2.8905 0.397307 0.201218 0.901852 0.432044 -0.001208
1.28576 9.1342 0.68643 0.343836 0.301121 0.913029 0.407895 -9.5e-05
0.282213 11.3701 0.69694 0.32408 0.219181 0.902246 0.43122 -0.00117
1.29029 9.11414 2.87999 0.417311 0.283771 0.913029 0.407895 -9.5e-05
1.28576 9.1342 0.68643 0.343836 0.301121 0.913029 0.407895 -9.5e-05
0.286747 11.3709 2.8905 0.397307 0.201218 0.901852 0.432044 -0.001208
-0.022562 9.12586 0.610132 0.253557 0.135802 0.000201 0.03066 -0.99953
-0.11284 11.3669 0.694273 0.309398 0.189168 -0.058727 0.031313 -0.997783
-0.016769 11.3648 0.673677 0.306898 0.191447 1e-06 0.030662 -0.99953
-0.022562 9.12586 0.610132 0.253557 0.135802 0.000201 0.03066 -0.99953
-0.306118 11.3712 0.694595 0.314286 0.184669 -0.05883 0.031282 -0.997778
-0.11284 11.3669 0.694273 0.309398 0.189168 -0.058727 0.031313 -0.997783
-0.306118 11.3712 0.694595 0.314286 0.184669 -0.05883 0.031282 -0.997778
-0.022562 9.12586 0.610132 0.253557 0.135802 0.000201 0.03066 -0.99953
-1.3656 9.11835 0.68649 0.286752 0.103512 -0.059453 0.031096 -0.997747
0.085883 11.3663 0.680042 0.317411 0.217996 0.061783 0.030344 -0.997628
-0.022562 9.12586 0.610132 0.299445 0.29313 0.000201 0.03066 -0.99953
-0.016769 11.3648 0.673677 0.313924 0.217397 1e-06 0.030662 -0.99953
0.282213 11.3701 0.69694 0.32408 0.219181 0.061804 0.030365 -0.997626
-0.022562 9.12586 0.610132 0.299445 0.29313 0.000201 0.03066 -0.99953
0.085883 11.3663 0.680042 0.317411 0.217996 0.061783 0.030344 -0.997628
0.282213 11.3701 0.69694 0.32408 0.219181 0.061804 0.030365 -0.997626
1.28576 9.1342 0.68643 0.343836 0.301121 0.061541 0.030098 -0.997651
-0.022562 9.12586 0.610132 0.299445 0.29313 0.000201 0.03066 -0.99953
-0.022556 9.10629 2.88002 0.453262 0.256392 -0.000691 -0.004196 0.999991
0.286747 11.3709 2.8905 0.397307 0.201218 5.5e-05 -0.004724 0.999989
-0.013635 11.3717 2.89053 0.40539 0.194787 -0.000823 -0.004382 0.99999
1.29029 9.11414 2.87999 0.417311 0.283771 5.5e-05 -0.004635 0.999989
0.286747 11.3709 2.8905 0.397307 0.201218 5.5e-05 -0.004724 0.999989
-0.022556 9.10629 2.88002 0.453262 0.256392 -0.000691 -0.004196 0.999991
-0.022556 9.10629 2.88002 0.403954 0.08423 -0.000691 -0.004196 0.999991
-0.301584 11.3719 2.88815 0.385871 0.160676 -0.001564 -0.003868 0.999991
-1.36107 9.09829 2.88005 0.35815 0.078931 -0.001421 -0.003766 0.999992
-0.013635 11.3717 2.89053 0.395711 0.161858 -0.000823 -0.004382 0.99999
-0.301584 11.3719 2.88815 0.385871 0.160676 -0.001564 -0.003868 0.999991
-0.022556 9.10629 2.88002 0.403954 0.08423 -0.000691 -0.004196 0.999991
0.282213 11.3701 0.69694 0.32408 0.219181 0.061804 0.030365 -0.997626
0.085883 11.3663 0.680042 0.317411 0.217996 0.061783 0.030344 -0.997628
0.076488 11.7526 0.700031 0.320534 0.204655 0.084585 0.053525 -0.994978
-0.094625 11.7566 0.506523 0.077451 0.27718 0.008756 0.00906 -0.999921
-0.01676 11.3599 0.500437 0.086041 0.331832 0.000374 0.010787 -0.999942
-0.112834 11.3635 0.507268 0.076264 0.32925 0.000374 0.010787 -0.999942
-0.004956 11.7547 0.508728 0.087328 0.279085 0.000152 0.008944 -0.99996
-0.01676 11.3599 0.500437 0.086041 0.331832 0.000374 0.010787 -0.999942
-0.094625 11.7566 0.506523 0.077451 0.27718 0.008756 0.00906 -0.999921
-0.004956 11.7547 0.508728 0.087328 0.279085 0.000152 0.008944 -0.99996
0.085888 11.3625 0.506721 0.09763 0.333358 0.000374 0.010787 -0.999942
-0.01676 11.3599 0.500437 0.086041 0.331832 0.000374 0.010787 -0.999942
-0.004956 11.7547 0.508728 0.087328 0.279085 0.000152 0.008944 -0.99996
0.076496 11.7534 0.507184 0.096029 0.280879 -0.008735 0.00896 -0.999922
0.085888 11.3625 0.506721 0.09763 0.333358 0.000374 0.010787 -0.999942
-0.094625 11.7566 0.506523 0.077451 0.27718 -0.999571 0.02928 -3.4e-05
-0.11284 11.3669 0.694273 0.091662 0.323671 -0.998914 0.046585 -0.000244
-0.094631 11.7549 0.713131 0.09454 0.271939 -0.999585 0.028809 -2.8e-05
-0.112834 11.3635 0.507268 0.076264 0.32925 -0.998914 0.046585 -0.000244
-0.11284 11.3669 0.694273 0.091662 0.323671 -0.998914 0.046585 -0.000244
-0.094625 11.7566 0.506523 0.077451 0.27718 -0.999571 0.02928 -3.4e-05
-0.112834 11.3635 0.507268 0.076264 0.32925 -0.026532 -0.999382 0.023039
-0.016769 11.3648 0.673677 0.100293 0.32641 -0.005946 -0.999696 0.023921
-0.11284 11.3669 0.694273 0.091662 0.323671 -0.026532 -0.999382 0.023039
-0.01676 11.3599 0.500437 0.086041 0.331832 -0.003611 -0.999705 0.02402
-0.016769 11.3648 0.673677 0.100293 0.32641 -0.005946 -0.999696 0.023921
-0.112834 11.3635 0.507268 0.076264 0.32925 -0.026532 -0.999382 0.023039
-0.016769 11.3648 0.673677 0.100293 0.32641 -0.005946 -0.999696 0.023921
0.085888 11.3625 0.506721 0.09763 0.333358 0.018275 -0.999522 0.024944
0.085883 11.3663 0.680042 0.11187 0.328076 0.018275 -0.999522 0.024944
-0.01676 11.3599 0.500437 0.086041 0.331832 -0.003611 -0.999705 0.02402
0.085888 11.3625 0.506721 0.09763 0.333358 0.018275 -0.999522 0.024944
-0.016769 11.3648 0.673677 0.100293 0.32641 -0.005946 -0.999696 0.023921
0.085883 11.3663 0.680042 0.11187 0.328076 0.999708 0.024168 -0.000157
0.076496 11.7534 0.507184 0.096029 0.280879 1 0.001021 -6.9e-05
0.076488 11.7526 0.700031 0.111947 0.275846 1 -5.7e-05 -6.5e-05
0.085888 11.3625 0.506721 0.09763 0.333358 0.999708 0.024168 -0.000157
0.076496 11.7534 0.507184 0.096029 0.280879 1 0.001021 -6.9e-05
0.085883 11.3663 0.680042 0.11187 0.328076 0.999708 0.024168 -0.000157
0.09269 12.9118 0.705898 0.112545 0.118782 0.013916 0.99989 0.005063
0.013351 12.9139 0.516024 0.087951 0.121618 0.015847 0.999855 0.00633
0.013342 12.9127 0.708917 0.104098 0.117256 0.015943 0.999852 0.006393
0.092699 12.9125 0.513052 0.096417 0.123225 0.013916 0.99989 0.005063
0.013351 12.9139 0.516024 0.087951 0.121618 0.015847 0.999855 0.00633
0.09269 12.9118 0.705898 0.112545 0.118782 0.013916 0.99989 0.005063
0.013351 12.9139 0.516024 0.087951 0.121618 0.015847 0.999855 0.00633
-0.074219 12.914 0.708204 0.094464 0.115614 0.017681 0.999815 0.007535
0.013342 12.9127 0.708917 0.104098 0.117256 0.015943 0.999852 0.006393
-0.074214 12.9157 0.515245 0.078292 0.119905 0.017681 0.999815 0.007535
-0.074219 12.914 0.708204 0.094464 0.115614 0.017681 0.999815 0.007535
0.013351 12.9139 0.516024 0.087951 0.121618 0.015847 0.999855 0.00633
0.076488 11.7526 0.700031 0.111947 0.275846 0.023974 -0.006033 0.999694
0.00412 12.3287 0.705243 0.103676 0.196799 0.032915 -0.002093 0.999456
-0.004965 11.7535 0.701621 0.103267 0.274133 0.041059 -0.000765 0.999156
0.084529 12.3279 0.702943 0.112242 0.19842 0.012496 -0.005551 0.999907
0.00412 12.3287 0.705243 0.103676 0.196799 0.032915 -0.002093 0.999456
0.076488 11.7526 0.700031 0.111947 0.275846 0.023974 -0.006033 0.999694
-0.004956 11.7547 0.508728 0.087328 0.279085 0.000152 0.008944 -0.99996
0.084537 12.3286 0.510097 0.09622 0.203165 -0.012202 0.005547 -0.99991
0.076496 11.7534 0.507184 0.096029 0.280879 -0.008735 0.00896 -0.999922
0.004128 12.33 0.51235 0.087635 0.201462 -0.001441 0.006325 -0.999979
0.084537 12.3286 0.510097 0.09622 0.203165 -0.012202 0.005547 -0.99991
-0.004956 11.7547 0.508728 0.087328 0.279085 0.000152 0.008944 -0.99996
0.084537 12.3286 0.510097 0.09622 0.203165 0.999902 -0.013976 -1.2e-05
0.076488 11.7526 0.700031 0.111947 0.275846 1 -5.7e-05 -6.5e-05
0.076496 11.7534 0.507184 0.096029 0.280879 1 0.001021 -6.9e-05
0.084529 12.3279 0.702943 0.112242 0.19842 0.999902 -0.013976 -1.2e-05
0.076488 11.7526 0.700031 0.111947 0.275846 1 -5.7e-05 -6.5e-05
0.084537 12.3286 0.510097 0.09622 0.203165 0.999902 -0.013976 -1.2e-05
0.00412 12.3287 0.705243 0.103676 0.196799 0.032915 -0.002093 0.999456
-0.094631 11.7549 0.713131 0.09454 0.271939 0.056512 0.004004 0.998394
-0.004965 11.7535 0.701621 0.103267 0.274133 0.041059 -0.000765 0.999156
-0.084503 12.3301 0.703811 0.093932 0.195059 0.021262 -0.002701 0.99977
-0.094631 11.7549 0.713131 0.09454 0.271939 0.056512 0.004004 0.998394
0.00412 12.3287 0.705243 0.103676 0.196799 0.032915 -0.002093 0.999456
-0.084503 12.3301 0.703811 0.093932 0.195059 -0.999845 0.017607 0.000108
-0.094625 11.7566 0.506523 0.077451 0.27718 -0.999571 0.02928 -3.4e-05
-0.094631 11.7549 0.713131 0.09454 0.271939 -0.999585 0.028809 -2.8e-05
-0.084494 12.3318 0.510853 0.077865 0.199652 -0.999845 0.017607 0.000108
-0.094625 11.7566 0.506523 0.077451 0.27718 -0.999571 0.02928 -3.4e-05
-0.084503 12.3301 0.703811 0.093932 0.195059 -0.999845 0.017607 0.000108
-0.094625 11.7566 0.506523 0.077451 0.27718 0.008756 0.00906 -0.999921
0.004128 12.33 0.51235 0.087635 0.201462 -0.001441 0.006325 -0.999979
-0.004956 11.7547 0.508728 0.087328 0.279085 0.000152 0.008944 -0.99996
-0.084494 12.3318 0.510853 0.077865 0.199652 0.010509 0.00702 -0.99992
0.004128 12.33 0.51235 0.087635 0.201462 -0.001441 0.006325 -0.999979
-0.094625 11.7566 0.506523 0.077451 0.27718 0.008756 0.00906 -0.999921
-0.074219 12.914 0.708204 0.094464 0.115614 -0.999845 0.017606 0.000112
-0.081389 12.5082 0.512181 0.077993 0.175668 -0.999845 0.017606 0.000112
-0.081395 12.5065 0.705139 0.094092 0.171166 -0.999845 0.017606 0.000112
-0.074214 12.9157 0.515245 0.078292 0.119905 -0.999845 0.017606 0.000112
-0.081389 12.5082 0.512181 0.077993 0.175668 -0.999845 0.017606 0.000112
-0.074219 12.914 0.708204 0.094464 0.115614 -0.999845 0.017606 0.000112
0.006905 12.5052 0.706353 0.103803 0.172877 0.009342 -0.00645 0.999936
-0.074219 12.914 0.708204 0.094464 0.115614 -0.011042 -0.006723 0.999916
-0.081395 12.5065 0.705139 0.094092 0.171166 -0.005741 -0.00714 0.999958
0.013342 12.9127 0.708917 0.104098 0.117256 0.010746 -0.00647 0.999921
-0.074219 12.914 0.708204 0.094464 0.115614 -0.011042 -0.006723 0.999916
0.006905 12.5052 0.706353 0.103803 0.172877 0.009342 -0.00645 0.999936
0.086995 12.5043 0.703834 0.112333 0.174469 0.01419 -0.005535 0.999884
0.013342 12.9127 0.708917 0.104098 0.117256 0.010746 -0.00647 0.999921
0.006905 12.5052 0.706353 0.103803 0.172877 0.009342 -0.00645 0.999936
0.09269 12.9118 0.705898 0.112545 0.118782 0.034628 -0.006189 0.999381
0.013342 12.9127 0.708917 0.104098 0.117256 0.010746 -0.00647 0.999921
0.086995 12.5043 0.703834 0.112333 0.174469 0.01419 -0.005535 0.999884
0.092699 12.9125 0.513052 0.096417 0.123225 0.999902 -0.013976 -1.2e-05
0.086995 12.5043 0.703834 0.112333 0.174469 0.999902 -0.013976 -1.2e-05
0.087004 12.505 0.510988 0.096279 0.179124 0.999902 -0.013976 -1.2e-05
0.09269 12.9118 0.705898 0.112545 0.118782 0.999902 -0.013976 -1.2e-05
0.086995 12.5043 0.703834 0.112333 0.174469 0.999902 -0.013976 -1.2e-05
0.092699 12.9125 0.513052 0.096417 0.123225 0.999902 -0.013976 -1.2e-05
0.006914 12.5064 0.51346 0.08773 0.17745 -0.008663 0.006439 -0.999942
0.092699 12.9125 0.513052 0.096417 0.123225 -0.03401 0.00618 -0.999402
0.087004 12.505 0.510988 0.096279 0.179124 -0.01391 0.005532 -0.999888
0.013351 12.9139 0.516024 0.087951 0.121618 -0.009958 0.00646 -0.99993
0.092699 12.9125 0.513052 0.096417 0.123225 -0.03401 0.00618 -0.999402
0.006914 12.5064 0.51346 0.08773 0.17745 -0.008663 0.006439 -0.999942
-0.081389 12.5082 0.512181 0.077993 0.175668 0.006114 0.007134 -0.999956
0.013351 12.9139 0.516024 0.087951 0.121618 -0.009958 0.00646 -0.99993
0.006914 12.5064 0.51346 0.08773 0.17745 -0.008663 0.006439 -0.999942
-0.074214 12.9157 0.515245 0.078292 0.119905 0.011837 0.00671 -0.999907
0.013351 12.9139 0.516024 0.087951 0.121618 -0.009958 0.00646 -0.99993
-0.081389 12.5082 0.512181 0.077993 0.175668 0.006114 0.007134 -0.999956
-0.413783 12.5124 0.705177 0.058149 0.164552 -0.999845 0.017606 0.000112
-0.416882 12.3376 0.51089 0.041927 0.192879 -0.999845 0.017606 0.000112
-0.416888 12.336 0.703849 0.058062 0.188338 -0.999845 0.017606 0.000112
-0.413774 12.514 0.512215 0.041983 0.169004 -0.999845 0.017606 0.000112
-0.416882 12.3376 0.51089 0.041927 0.192879 -0.999845 0.017606 0.000112
-0.413783 12.5124 0.705177 0.058149 0.164552 -0.999845 0.017606 0.000112
0.00412 12.3287 0.705243 0.103676 0.196799 0.032915 -0.002093 0.999456
-0.081395 12.5065 0.705139 0.094092 0.171166 -0.005741 -0.00714 0.999958
-0.084503 12.3301 0.703811 0.093932 0.195059 0.021262 -0.002701 0.99977
0.006905 12.5052 0.706353 0.103803 0.172877 0.009342 -0.00645 0.999936
-0.081395 12.5065 0.705139 0.094092 0.171166 -0.005741 -0.00714 0.999958
0.00412 12.3287 0.705243 0.103676 0.196799 0.032915 -0.002093 0.999456
0.084529 12.3279 0.702943 0.112242 0.19842 0.012496 -0.005551 0.999907
0.006905 12.5052 0.706353 0.103803 0.172877 0.009342 -0.00645 0.999936
0.00412 12.3287 0.705243 0.103676 0.196799 0.032915 -0.002093 0.999456
0.086995 12.5043 0.703834 0.112333 0.174469 0.01419 -0.005535 0.999884
0.006905 12.5052 0.706353 0.103803 0.172877 0.009342 -0.00645 0.999936
0.084529 12.3279 0.702943 0.112242 0.19842 0.012496 -0.005551 0.999907
0.440001 12.5001 0.510985 0.135128 0.186137 0.999902 -0.013976 -1.2e-05
0.437529 12.323 0.702937 0.150937 0.205494 0.999902 -0.013976 -1.2e-05
0.437535 12.3237 0.510091 0.13499 0.210295 0.999902 -0.013976 -1.2e-05
0.439993 12.4994 0.703831 0.151107 0.181427 0.999902 -0.013976 -1.2e-05
0.437529 12.323 0.702937 0.150937 0.205494 0.999902 -0.013976 -1.2e-05
0.440001 12.5001 0.510985 0.135128 0.186137 0.999902 -0.013976 -1.2e-05
0.004128 12.33 0.51235 0.087635 0.201462 -0.001441 0.006325 -0.999979
0.087004 12.505 0.510988 0.096279 0.179124 -0.01391 0.005532 -0.999888
0.084537 12.3286 0.510097 0.09622 0.203165 -0.012202 0.005547 -0.99991
0.006914 12.5064 0.51346 0.08773 0.17745 -0.008663 0.006439 -0.999942
0.087004 12.505 0.510988 0.096279 0.179124 -0.01391 0.005532 -0.999888
0.004128 12.33 0.51235 0.087635 0.201462 -0.001441 0.006325 -0.999979
-0.084494 12.3318 0.510853 0.077865 0.199652 0.010509 0.00702 -0.99992
0.006914 12.5064 0.51346 0.08773 0.17745 -0.008663 0.006439 -0.999942
0.004128 12.33 0.51235 0.087635 0.201462 -0.001441 0.006325 -0.999979
-0.081389 12.5082 0.512181 0.077993 0.175668 0.006114 0.007134 -0.999956
0.006914 12.5064 0.51346 0.08773 0.17745 -0.008663 0.006439 -0.999942
-0.084494 12.3318 0.510853 0.077865 0.199652 0.010509 0.00702 -0.99992
-0.416888 12.336 0.703849 0.058062 0.188338 -0.017608 -0.999808 -0.008653
-0.084494 12.3318 0.510853 0.077865 0.199652 -0.017608 -0.999808 -0.008653
-0.084503 12.3301 0.703811 0.093932 0.195059 -0.017608 -0.999808 -0.008653
-0.416882 12.3376 0.51089 0.041927 0.192879 -0.017608 -0.999808 -0.008653
-0.084494 12.3318 0.510853 0.077865 0.199652 -0.017608 -0.999808 -0.008653
-0.416888 12.336 0.703849 0.058062 0.188338 -0.017608 -0.999808 -0.008653
-0.416882 12.3376 0.51089 0.041927 0.192879 2e-05 0.007523 -0.999972
-0.081389 12.5082 0.512181 0.077993 0.175668 0.006114 0.007134 -0.999956
-0.084494 12.3318 0.510853 0.077865 0.199652 0.010509 0.00702 -0.99992
-0.413774 12.514 0.512215 0.041983 0.169004 2e-05 0.007523 -0.999972
-0.081389 12.5082 0.512181 0.077993 0.175668 0.006114 0.007134 -0.999956
-0.416882 12.3376 0.51089 0.041927 0.192879 2e-05 0.007523 -0.999972
-0.413774 12.514 0.512215 0.041983 0.169004 0.017606 0.999808 0.008647
-0.081395 12.5065 0.705139 0.094092 0.171166 0.017606 0.999808 0.008647
-0.081389 12.5082 0.512181 0.077993 0.175668 0.017606 0.999808 0.008647
-0.413783 12.5124 0.705177 0.058149 0.164552 0.017606 0.999808 0.008647
-0.081395 12.5065 0.705139 0.094092 0.171166 0.017606 0.999808 0.008647
-0.413774 12.514 0.512215 0.041983 0.169004 0.017606 0.999808 0.008647
-0.413783 12.5124 0.705177 0.058149 0.164552 -2e-05 -0.007523 0.999972
-0.084503 12.3301 0.703811 0.093932 0.195059 0.021262 -0.002701 0.99977
-0.081395 12.5065 0.705139 0.094092 0.171166 -0.005741 -0.00714 0.999958
-0.416888 12.336 0.703849 0.058062 0.188338 -2e-05 -0.007523 0.999972
-0.084503 12.3301 0.703811 0.093932 0.195059 0.021262 -0.002701 0.99977
-0.413783 12.5124 0.705177 0.058149 0.164552 -2e-05 -0.007523 0.999972
0.437535 12.3237 0.510091 0.13499 0.210295 -0.013975 -0.999896 -0.003716
0.084529 12.3279 0.702943 0.112242 0.19842 -0.013975 -0.999896 -0.003716
0.084537 12.3286 0.510097 0.09622 0.203165 -0.013975 -0.999896 -0.003716
0.437529 12.323 0.702937 0.150937 0.205494 -0.013975 -0.999896 -0.003716
0.084529 12.3279 0.702943 0.112242 0.19842 -0.013975 -0.999896 -0.003716
0.437535 12.3237 0.510091 0.13499 0.210295 -0.013975 -0.999896 -0.003716
0.437529 12.323 0.702937 0.150937 0.205494 -5.9e-05 -0.00506 0.999987
0.086995 12.5043 0.703834 0.112333 0.174469 0.01419 -0.005535 0.999884
0.084529 12.3279 0.702943 0.112242 0.19842 0.012496 -0.005551 0.999907
0.439993 12.4994 0.703831 0.151107 0.181427 -5.9e-05 -0.00506 0.999987
0.086995 12.5043 0.703834 0.112333 0.174469 0.01419 -0.005535 0.999884
0.437529 12.323 0.702937 0.150937 0.205494 -5.9e-05 -0.00506 0.999987
0.439993 12.4994 0.703831 0.151107 0.181427 0.013975 0.999896 0.00372
0.087004 12.505 0.510988 0.096279 0.179124 0.013975 0.999896 0.00372
0.086995 12.5043 0.703834 0.112333 0.174469 0.013975 0.999896 0.00372
0.440001 12.5001 0.510985 0.135128 0.186137 0.013975 0.999896 0.00372
0.087004 12.505 0.510988 0.096279 0.179124 0.013975 0.999896 0.00372
0.439993 12.4994 0.703831 0.151107 0.181427 0.013975 0.999896 0.00372
0.440001 12.5001 0.510985 0.135128 0.186137 5.9e-05 0.005061 -0.999987
0.084537 12.3286 0.510097 0.09622 0.203165 -0.012202 0.005547 -0.99991
0.087004 12.505 0.510988 0.096279 0.179124 -0.01391 0.005532 -0.999888
0.437535 12.3237 0.510091 0.13499 0.210295 5.9e-05 0.005061 -0.999987
0.084537 12.3286 0.510097 0.09622 0.203165 -0.012202 0.005547 -0.99991
0.440001 12.5001 0.510985 0.135128 0.186137 5.9e-05 0.005061 -0.999987
-1.3372 0.242516 0.582959 0.998008 0.299754 -0.999998 -0.002085 -0.000698
-1.34744 4.39008 2.86991 0.852763 0.217069 -0.999998 -0.002085 -0.000698
-1.34153 4.43794 0.587289 0.920615 0.173568 -0.999998 -0.002085 -0.000698
-1.33434 0.229564 2.86157 0.929744 0.342101 -0.999998 -0.002085 -0.000698
-1.34744 4.39008 2.86991 0.852763 0.217069 -0.999998 -0.002085 -0.000698
-1.3372 0.242516 0.582959 0.998008 0.299754 -0.999998 -0.002085 -0.000698
-1.34153 4.43794 0.587289 0.920615 0.173568 -0.99995 -0.009707 0.002497
-1.35185 6.08231 2.84879 0.82179 0.165681 -0.99995 -0.009707 0.002497
-1.3692 6.04487 0.587708 0.890995 0.125134 -0.99995 -0.009707 0.002497
-1.34744 4.39008 2.86991 0.852763 0.217069 -0.99995 -0.009707 0.002497
-1.35185 6.08231 2.84879 0.82179 0.165681 -0.99995 -0.009707 0.002497
-1.34153 4.43794 0.587289 0.920615 0.173568 -0.99995 -0.009707 0.002497
